R core socket temp time pkg_watts dram_watts actPERF measPERF
RRR NA 0 NA 0.001   0.0000   0.0000        1068045922806         925317518907
RRR NA 1 NA 0.001   0.0000   0.0000        1306599158940        1069618419857
RRR NA 0 NA 0.102  37.7117   3.7898        1068377123825         925578502195
RRR NA 1 NA 0.102  16.8974   1.5929        1306599351083        1069618724917
RRR NA 0 NA 0.202  37.7564   3.7209        1068708483244         925839582089
RRR NA 1 NA 0.202  16.6696   1.5792        1306599394789        1069618815891
RRR NA 0 NA 0.303  37.7172   3.7509        1069040328882         926101048019
RRR NA 1 NA 0.303  16.4583   1.5731        1306599439093        1069618877616
RRR NA 0 NA 0.404  37.6288   3.7517        1069372203803         926362537234
RRR NA 1 NA 0.404  16.4692   1.5740        1306599482063        1069618964946
RRR NA 0 NA 0.505  38.0786   3.8286        1069703804929         926623810541
RRR NA 1 NA 0.505  16.5865   1.5909        1306599526529        1069619026697
RRR NA 0 NA 0.606  37.7429   3.6763        1070035734324         926885342634
RRR NA 1 NA 0.606  16.4709   1.5583        1306599569911        1069619115462
RRR NA 0 NA 0.706  37.8196   3.7531        1070367343718         927146622581
RRR NA 1 NA 0.706  16.4235   1.5764        1306599611757        1069619206152
RRR NA 0 NA 0.807  38.1736   3.7968        1070698540129         927407573881
RRR NA 1 NA 0.807  16.6910   1.5473        1306599665803        1069619295012
RRR NA 0 NA 0.908  37.8191   3.7582        1071029709709         927668513518
RRR NA 1 NA 0.908  16.4871   1.5626        1306599709729        1069619357842
RRR NA 0 NA 1.009  37.6527   3.7502        1071361558713         927929982303
RRR NA 1 NA 1.009  16.4451   1.5582        1306599751991        1069619445622
RRR NA 0 NA 1.110  37.9700   3.7514        1071693274875         928191358213
RRR NA 1 NA 1.110  16.4797   1.5742        1306599878257        1069619688230
RRR NA 0 NA 1.210  37.6091   3.7135        1072025115872         928452820853
RRR NA 1 NA 1.210  16.5707   1.5750        1306599921669        1069619756390
RRR NA 0 NA 1.311  37.6150   3.7544        1072356738898         928714111349
RRR NA 1 NA 1.311  16.4664   1.5753        1306599962715        1069619847252
RRR NA 0 NA 1.412  37.7213   3.6965        1072688183094         928975266155
RRR NA 1 NA 1.412  16.4439   1.6088        1306600004527        1069619937784
RRR NA 0 NA 1.513  38.1501   3.7002        1073020055820         929236753397
RRR NA 1 NA 1.513  16.5860   1.5890        1306600047761        1069620003530
RRR NA 0 NA 1.614  38.2715   4.8338        1073351598345         929497976839
RRR NA 1 NA 1.614  16.4865   1.5760        1306600090265        1069620092690
RRR NA 0 NA 1.714  37.2748   5.3253        1073683233033         929759276698
RRR NA 1 NA 1.714  16.4372   1.5744        1306600132997        1069620184384
RRR NA 0 NA 1.815  37.4665   4.7864        1074014854614         930020566527
RRR NA 1 NA 1.815  16.6449   1.5744        1306600177143        1069620245893
RRR NA 0 NA 1.916  38.7801   6.8257        1074346653237         930281995093
RRR NA 1 NA 1.916  16.4843   1.5736        1306600221175        1069620308153
RRR NA 0 NA 2.017  38.3613   6.7358        1074678513345         930543472592
RRR NA 1 NA 2.017  16.4674   1.5898        1306600263449        1069620395997
RRR NA 0 NA 2.118  38.1553   5.7506        1075009830874         930804534470
RRR NA 1 NA 2.118  17.0613   1.5919        1306600538566        1069620770173
RRR NA 0 NA 2.219  37.3262   4.5359        1075341329874         931065735204
RRR NA 1 NA 2.219  16.4637   1.5746        1306600660701        1069620961704
RRR NA 0 NA 2.319  37.8399   3.5986        1075672470386         931326643124
RRR NA 1 NA 2.319  16.5150   1.5618        1306600714635        1069621052915
RRR NA 0 NA 2.420  36.8302   3.7726        1076004384381         931588163099
RRR NA 1 NA 2.420  16.6299   1.5743        1306600756674        1069621144037
RRR NA 0 NA 2.521  37.0337   3.7891        1076336132642         931849552323
RRR NA 1 NA 2.521  16.4428   1.5743        1306600801252        1069621205785
RRR NA 0 NA 2.622  36.7418   3.7517        1076667928987         932110979634
RRR NA 1 NA 2.622  16.4631   1.5904        1306600844249        1069621293714
RRR NA 0 NA 2.722  36.6911   3.7578        1076999287309         932372057903
RRR NA 1 NA 2.722  16.4352   1.5777        1306600887641        1069621359710
RRR NA 0 NA 2.823  37.0425   3.7517        1077331109210         932633509237
RRR NA 1 NA 2.823  16.6112   1.5763        1306600931219        1069621422380
RRR NA 0 NA 2.924  36.6920   3.7517        1077662882096         932894918019
RRR NA 1 NA 2.924  16.4545   1.5583        1306600973527        1069621510252
RRR NA 0 NA 3.025  36.7116   3.7518        1077994484931         933156200704
RRR NA 1 NA 3.025  16.6223   1.5913        1306601015300        1069621600862
RRR NA 0 NA 3.126  37.1314   3.7546        1078326063963         933417464825
RRR NA 1 NA 3.126  16.4887   1.5447        1306601134369        1069621821915
RRR NA 0 NA 3.227  36.7590   3.7182        1078657692395         933678756407
RRR NA 1 NA 3.227  16.4400   1.5766        1306601190429        1069621939107
RRR NA 0 NA 3.327  36.6380   3.7537        1078989176224         933939937575
RRR NA 1 NA 3.327  16.4340   1.6066        1306601234559        1069622005353
RRR NA 0 NA 3.428  37.0680   3.7914        1079320806833         934201234202
RRR NA 1 NA 3.428  16.6351   1.5598        1306601278645        1069622068935
RRR NA 0 NA 3.529  36.7631   3.7572        1079652300817         934462419472
RRR NA 1 NA 3.529  16.4941   1.5761        1306601321039        1069622156983
RRR NA 0 NA 3.630  36.7951   3.7965        1079983466061         934723345931
RRR NA 1 NA 3.630  16.4910   1.5772        1306601365235        1069622218475
RRR NA 0 NA 3.730  36.7167   3.7572        1080314899740         934984489574
RRR NA 1 NA 3.730  16.5533   1.5776        1306601408353        1069622306638
RRR NA 0 NA 3.831  36.7422   3.7540        1080646468803         935245741567
RRR NA 1 NA 3.831  16.6290   1.5762        1306601451843        1069622372688
RRR NA 0 NA 3.932  37.1087   3.7906        1080978085192         935507027078
RRR NA 1 NA 3.932  16.4616   1.5740        1306601495769        1069622453374
RRR NA 0 NA 4.033  36.7699   3.7006        1081309665883         935768284279
RRR NA 1 NA 4.033  16.5036   1.5911        1306601540237        1069622515530
RRR NA 0 NA 4.134  36.9000   3.6587        1081640979722         936029343270
RRR NA 1 NA 4.134  17.0691   1.5614        1306601786026        1069622866337
RRR NA 0 NA 4.234  37.1081   3.7283        1081972877330         936290850377
RRR NA 1 NA 4.234  16.4985   1.5736        1306601829816        1069622957409
RRR NA 0 NA 4.335  37.1507   4.0262        1082304672290         936552276405
RRR NA 1 NA 4.335  16.4349   1.5745        1306601873244        1069623023471
RRR NA 0 NA 4.436  36.7992   4.0877        1082636052630         936813375917
RRR NA 1 NA 4.436  16.6049   1.5918        1306601915600        1069623111455
RRR NA 0 NA 4.537  37.1890   3.7892        1082967610669         937074623768
RRR NA 1 NA 4.537  16.4633   1.5435        1306601971578        1069623196937
RRR NA 0 NA 4.638  36.8024   3.7529        1083299400058         937336045533
RRR NA 1 NA 4.638  16.6873   1.5753        1306602016850        1069623260459
RRR NA 0 NA 4.739  37.0205   3.7148        1083631141150         937597429274
RRR NA 1 NA 4.739  16.4463   1.5791        1306602059392        1069623348841
RRR NA 0 NA 4.839  37.2421   3.7872        1083963032214         937858931037
RRR NA 1 NA 4.839  16.4574   1.5612        1306602102796        1069623414809
RRR NA 0 NA 4.940  36.7793   3.7522        1084294746697         938120293736
RRR NA 1 NA 4.940  16.4563   1.5751        1306602146392        1069623477453
RRR NA 0 NA 5.041  36.7614   3.7522        1084626567176         938381740056
RRR NA 1 NA 5.041  16.6338   1.5746        1306602188523        1069623564889
RRR NA 0 NA 5.142  36.9573   3.7584        1084957057338         938642185944
RRR NA 1 NA 5.142  16.5482   1.5638        1306602320074        1069623796830
RRR NA 0 NA 5.243  37.1618   3.7882        1085289029341         938903751475
RRR NA 1 NA 5.243  16.4372   1.5910        1306602365972        1069623862124
RRR NA 0 NA 5.343  36.8355   3.7580        1085620242165         939164731054
RRR NA 1 NA 5.343  16.6083   1.5923        1306602409704        1069623925030
RRR NA 0 NA 5.444  37.2801   4.2240        1085952053785         939426170298
RRR NA 1 NA 5.444  16.4643   1.5599        1306602453462        1069623988066
RRR NA 0 NA 5.545  37.2713   4.2634        1086283645747         939687436475
RRR NA 1 NA 5.545  16.4603   1.5597        1306602501413        1069624060184
RRR NA 0 NA 5.646  36.7850   3.7503        1086615454995         939948873834
RRR NA 1 NA 5.646  16.6364   1.5579        1306602545271        1069624123200
RRR NA 0 NA 5.747  36.8251   3.7581        1086946808299         940209948587
RRR NA 1 NA 5.747  16.4827   1.5763        1306602587611        1069624210222
RRR NA 0 NA 5.847  36.8031   3.6774        1087278530476         940471317287
RRR NA 1 NA 5.847  16.4661   1.5750        1306602631618        1069624272600
RRR NA 0 NA 5.948  37.1895   3.7914        1087610152237         940732606954
RRR NA 1 NA 5.948  16.4864   1.5746        1306602676100        1069624331145
RRR NA 0 NA 6.049  36.8156   3.7524        1087941951292         940994036382
RRR NA 1 NA 6.049  16.9745   1.5441        1306602801812        1069624564178
RRR NA 0 NA 6.150  36.8938   3.7137        1088273590418         941255359617
RRR NA 1 NA 6.150  16.5936   1.5744        1306603033365        1069624919442
RRR NA 0 NA 6.251  37.2530   3.7228        1088604661891         941516212562
RRR NA 1 NA 6.251  16.5144   1.5936        1306603085559        1069625004478
RRR NA 0 NA 6.351  36.8760   3.7583        1088936016823         941777289636
RRR NA 1 NA 6.351  16.6633   1.5928        1306603127685        1069625091962
RRR NA 0 NA 6.452  36.8102   3.7513        1089267829833         942038729892
RRR NA 1 NA 6.452  16.4335   1.5896        1306603171071        1069625157942
RRR NA 0 NA 6.553  36.7855   3.7161        1089599497202         942300055501
RRR NA 1 NA 6.553  16.4636   1.5904        1306603216685        1069625224926
RRR NA 0 NA 6.654  37.2119   3.7534        1089931163198         942561384023
RRR NA 1 NA 6.654  16.6386   1.5769        1306603261103        1069625283370
RRR NA 0 NA 6.755  36.8995   3.7565        1090262557696         942822491208
RRR NA 1 NA 6.755  16.4725   1.5767        1306603305251        1069625345691
RRR NA 0 NA 6.855  36.7676   3.7155        1090594251266         943083837420
RRR NA 1 NA 6.855  16.4469   1.5746        1306603349721        1069625404707
RRR NA 0 NA 6.956  37.2807   3.7216        1090925383024         943344745308
RRR NA 1 NA 6.956  16.5554   1.5789        1306603394433        1069625484181
RRR NA 0 NA 7.057  36.8536   3.7952        1091256709986         943605798801
RRR NA 1 NA 7.057  16.6948   1.5768        1306603534562        1069625689959
RRR NA 0 NA 7.157  37.4355   3.7017        1091588020513         943866849527
RRR NA 1 NA 7.157  16.4949   1.5459        1306603577153        1069625776842
RRR NA 0 NA 7.258  37.4639   3.6988        1091919214373         944127802061
RRR NA 1 NA 7.258  16.4978   1.5779        1306603701356        1069625969014
RRR NA 0 NA 7.359  37.2380   3.6209        1092250833494         944389089638
RRR NA 1 NA 7.359  16.4653   1.5909        1306603746464        1069626032704
RRR NA 0 NA 7.460  37.2968   3.6956        1092582318609         944650267934
RRR NA 1 NA 7.460  16.6404   1.5912        1306603788768        1069626121396
RRR NA 0 NA 7.560  37.6666   3.7297        1092914067901         944911657978
RRR NA 1 NA 7.560  16.4518   1.5740        1306603832906        1069626188164
RRR NA 0 NA 7.661  37.2597   3.6580        1093245878271         945173096209
RRR NA 1 NA 7.661  16.4059   1.5747        1306603877560        1069626256410
RRR NA 0 NA 7.762  37.5899   3.6639        1093577805097         945434634414
RRR NA 1 NA 7.762  16.6737   1.5886        1306603926759        1069626355958
RRR NA 0 NA 7.863  38.1476   4.8230        1093909498217         945695980298
RRR NA 1 NA 7.863  16.4743   1.5742        1306603970082        1069626438358
RRR NA 0 NA 7.964  38.6085   5.8360        1094241135389         945957282158
RRR NA 1 NA 7.964  16.4678   1.5900        1306604013533        1069626504496
RRR NA 0 NA 8.065  38.7302   5.8565        1094572218853         946218148261
RRR NA 1 NA 8.065  17.0949   1.5774        1306604237626        1069626866220
RRR NA 0 NA 8.165  36.8271   3.9262        1094903721358         946479355830
RRR NA 1 NA 8.165  16.5018   1.5762        1306604283618        1069626927896
RRR NA 0 NA 8.266  36.3619   3.6953        1095235309707         946740619281
RRR NA 1 NA 8.266  16.4964   1.5748        1306604326334        1069627015160
RRR NA 0 NA 8.367  36.3476   3.7020        1095566241333         947001361943
RRR NA 1 NA 8.367  16.5056   1.5779        1306604376373        1069627085024
RRR NA 0 NA 8.468  36.2771   3.6906        1095898047263         947262805181
RRR NA 1 NA 8.468  16.4637   1.6051        1306604422753        1069627150702
RRR NA 0 NA 8.568  39.1468   6.5702        1096229659606         947524089177
RRR NA 1 NA 8.568  16.6221   1.5755        1306604465765        1069627238758
