R core socket temp time pkg_watts dram_watts actPERF measPERF
RRR NA 0 NA 0.001   0.0000   0.0000         901747018339         794228950570
RRR NA 1 NA 0.001   0.0000   0.0000        1306412254005        1069423534841
RRR NA 0 NA 0.101  38.9780   3.7924         902077592466         794489486085
RRR NA 1 NA 0.101  16.7039   1.6584        1306412386336        1069423752606
RRR NA 0 NA 0.202  38.0525   3.7877         902409486037         794750993620
RRR NA 1 NA 0.202  16.6572   1.5908        1306412429015        1069423846149
RRR NA 0 NA 0.303  37.7463   3.7560         902740867674         795012090065
RRR NA 1 NA 0.303  16.4050   1.5601        1306412478496        1069423913527
RRR NA 0 NA 0.404  37.7564   3.7566         903072248347         795273189747
RRR NA 1 NA 0.404  16.4874   1.5766        1306412527668        1069423977222
RRR NA 0 NA 0.504  37.7290   3.7554         903403955792         795534543243
RRR NA 1 NA 0.504  16.4616   1.5758        1306412576220        1069424040396
RRR NA 0 NA 0.605  38.0912   3.7513         903735677735         795795911855
RRR NA 1 NA 0.605  16.6661   1.5424        1306412623914        1069424108129
RRR NA 0 NA 0.706  37.9050   3.7594         904066887021         796056872831
RRR NA 1 NA 0.706  16.4759   1.5636        1306412667647        1069424191387
RRR NA 0 NA 0.807  37.7519   3.6793         904398494245         796318147663
RRR NA 1 NA 0.807  16.4546   1.5760        1306412715981        1069424263105
RRR NA 0 NA 0.908  37.8098   3.7169         904729903824         796579274537
RRR NA 1 NA 0.908  16.4524   1.5917        1306412763119        1069424331251
RRR NA 0 NA 1.008  38.2083   3.7960         905061278330         796840365685
RRR NA 1 NA 1.008  16.6438   1.5770        1306412811043        1069424394753
RRR NA 0 NA 1.109  37.7894   3.7488         905393183597         797101890884
RRR NA 1 NA 1.109  16.4528   1.5736        1306412854087        1069424485339
RRR NA 0 NA 1.210  37.8037   3.7176         905724637759         797363048199
RRR NA 1 NA 1.210  16.4151   1.5464        1306412898935        1069424572131
RRR NA 0 NA 1.311  37.7988   3.7199         906056019397         797624145605
RRR NA 1 NA 1.311  16.4915   1.5934        1306412943794        1069424658363
RRR NA 0 NA 1.412  38.0992   3.7890         906387945085         797885674718
RRR NA 1 NA 1.412  16.6331   1.5894        1306412987211        1069424752163
RRR NA 0 NA 1.512  37.8171   3.7520         906719571006         798146967600
RRR NA 1 NA 1.512  16.4980   1.5749        1306413035440        1069424823783
RRR NA 0 NA 1.613  37.7466   3.7553         907051059549         798408152355
RRR NA 1 NA 1.613  16.7792   1.5619        1306413145196        1069424994951
RRR NA 0 NA 1.714  38.1505   3.7930         907382548144         798669341453
RRR NA 1 NA 1.714  16.7450   1.5775        1306413329909        1069425252826
RRR NA 0 NA 1.815  37.7150   3.7204         907713822812         798930357084
RRR NA 1 NA 1.815  16.4285   1.5771        1306413373657        1069425313875
RRR NA 0 NA 1.915  37.6757   3.7542         908045555974         799191734558
RRR NA 1 NA 1.915  16.4645   1.5435        1306413415936        1069425400219
RRR NA 0 NA 2.016  37.5778   3.7515         908377281216         799453105684
RRR NA 1 NA 2.016  16.9992   1.6050        1306413610067        1069425642945
RRR NA 0 NA 2.117  38.1429   3.7521         908708862320         799714379174
RRR NA 1 NA 2.117  16.4666   1.5763        1306413659213        1069425706645
RRR NA 0 NA 2.218  37.7445   3.6439         909040329246         799975543493
RRR NA 1 NA 2.218  16.4692   1.5784        1306413707255        1069425775207
RRR NA 0 NA 2.319  37.5654   3.7527         909372035547         800236899770
RRR NA 1 NA 2.319  16.4059   1.5920        1306413749674        1069425866159
RRR NA 0 NA 2.420  37.9577   3.7891         909703749815         800498268893
RRR NA 1 NA 2.420  16.5643   1.5757        1306413798861        1069425938883
RRR NA 0 NA 2.520  37.6482   3.7144         910035417220         800759595955
RRR NA 1 NA 2.520  16.4377   1.5597        1306413841082        1069426029617
RRR NA 0 NA 2.621  37.7536   3.7564         910366825002         801020713871
RRR NA 1 NA 2.621  16.4673   1.6088        1306413884910        1069426124777
RRR NA 0 NA 2.722  37.9789   3.7524         910698579221         801282107886
RRR NA 1 NA 2.722  16.5720   1.5753        1306413928434        1069426218623
RRR NA 0 NA 2.823  37.6453   3.7524         911030043209         801543270092
RRR NA 1 NA 2.823  16.4559   1.5453        1306413976851        1069426290445
RRR NA 0 NA 2.923  37.7181   3.7933         911361470397         801804402840
RRR NA 1 NA 2.923  16.4527   1.5918        1306414024055        1069426358625
RRR NA 0 NA 3.024  37.6565   3.7552         911692971868         802065597935
RRR NA 1 NA 3.024  16.7163   1.5914        1306414228004        1069426604687
RRR NA 0 NA 3.125  38.1561   3.7518         912024796796         802327059437
RRR NA 1 NA 3.125  16.4693   1.5753        1306414270910        1069426692427
RRR NA 0 NA 3.226  37.7016   3.7839         912356784656         802588649388
RRR NA 1 NA 3.226  16.3768   1.6064        1306414328471        1069426779634
RRR NA 0 NA 3.327  37.6659   3.7552         912688340580         802849884095
RRR NA 1 NA 3.327  16.6903   1.5919        1306414371238        1069426866083
RRR NA 0 NA 3.428  37.9900   3.7871         913020411119         803111527315
RRR NA 1 NA 3.428  16.4375   1.5573        1306414412896        1069426956337
RRR NA 0 NA 3.528  37.7182   3.7554         913351883285         803372695489
RRR NA 1 NA 3.528  16.4316   1.5910        1306414454382        1069427046247
RRR NA 0 NA 3.629  37.6995   3.5930         913683633714         803634095067
RRR NA 1 NA 3.629  16.5709   1.5905        1306414495834        1069427136085
RRR NA 0 NA 3.730  38.3046   3.7046         914014938902         803895131103
RRR NA 1 NA 3.730  16.4830   1.5601        1306414537532        1069427226425
RRR NA 0 NA 3.831  37.9118   3.6608         914346778421         804156592244
RRR NA 1 NA 3.831  16.4319   1.5737        1306414580439        1069427291565
RRR NA 0 NA 3.932  37.8808   3.6668         914678342794         804417836673
RRR NA 1 NA 3.932  16.6456   1.5599        1306414624455        1069427349445
RRR NA 0 NA 4.032  38.0151   3.5930         915009633462         804678865462
RRR NA 1 NA 4.032  16.9023   1.5603        1306414809973        1069427589402
RRR NA 0 NA 4.133  38.3631   3.6713         915340785298         804939793334
RRR NA 1 NA 4.133  16.5126   1.5622        1306414853526        1069427653534
RRR NA 0 NA 4.234  37.8944   3.6680         915672214293         805200927761
RRR NA 1 NA 4.234  16.4864   1.5762        1306414895775        1069427739080
RRR NA 0 NA 4.335  37.8232   5.1422         916003890974         805462260623
RRR NA 1 NA 4.335  16.6354   1.5901        1306414939591        1069427801106
RRR NA 0 NA 4.435  38.8320   5.6430         916335179108         805723292400
RRR NA 1 NA 4.435  16.4792   1.5608        1306414990358        1069427907418
RRR NA 0 NA 4.536  39.1345   5.6941         916666876143         805984641441
RRR NA 1 NA 4.536  16.4202   1.5587        1306415031900        1069427997414
RRR NA 0 NA 4.637  38.1495   5.7773         916998644877         806246046906
RRR NA 1 NA 4.637  16.4282   1.6052        1306415073354        1069428087252
RRR NA 0 NA 4.738  37.2348   4.6877         917330268582         806507338107
RRR NA 1 NA 4.738  16.6283   1.5748        1306415115252        1069428178324
RRR NA 0 NA 4.839  37.6644   4.7274         917661689707         806768469690
RRR NA 1 NA 4.839  16.4351   1.5758        1306415157236        1069428268950
RRR NA 0 NA 4.939  37.6266   4.7307         917992781709         807029338476
RRR NA 1 NA 4.939  16.4856   1.5795        1306415208962        1069428353186
RRR NA 0 NA 5.040  37.4106   4.7229         918324488763         807290706964
RRR NA 1 NA 5.040  16.6746   1.5908        1306415252927        1069428416902
RRR NA 0 NA 5.141  37.2491   4.6760         918656173340         807552046199
RRR NA 1 NA 5.141  16.4451   1.5752        1306415296739        1069428497014
RRR NA 0 NA 5.242  38.4532   5.4404         918987997561         807813503347
RRR NA 1 NA 5.242  16.4348   1.5728        1306415338308        1069428587010
RRR NA 0 NA 5.343  38.8491   7.2319         919319845336         808074970991
RRR NA 1 NA 5.343  16.5659   1.5738        1306415381267        1069428652794
RRR NA 0 NA 5.444  39.1848   7.5109         919651783018         808336509606
RRR NA 1 NA 5.444  16.4054   1.5735        1306415423874        1069428739898
RRR NA 0 NA 5.544  38.8763   7.1746         919983417592         808597809356
RRR NA 1 NA 5.544  16.4348   1.5899        1306415465538        1069428830196
RRR NA 0 NA 5.645  38.8595   7.3107         920315393254         808859377895
RRR NA 1 NA 5.645  16.6340   1.5891        1306415506990        1069428919982
RRR NA 0 NA 5.746  38.8080   7.4244         920647001917         809120657091
RRR NA 1 NA 5.746  16.4234   1.5750        1306415549534        1069429012178
RRR NA 0 NA 5.847  38.5768   5.6288         920978521629         809381866553
RRR NA 1 NA 5.847  16.4947   1.5595        1306415590942        1069429101826
RRR NA 0 NA 5.948  38.1339   5.6838         921310354732         809643326536
RRR NA 1 NA 5.948  16.6142   1.5742        1306415633869        1069429167618
RRR NA 0 NA 6.048  38.3689   5.6443         921641188212         809904007862
RRR NA 1 NA 6.048  16.9017   1.5950        1306415829901        1069429415898
RRR NA 0 NA 6.149  38.2490   5.6474         921972028798         810164680096
RRR NA 1 NA 6.149  16.5187   1.5947        1306415871738        1069429482621
RRR NA 0 NA 6.250  38.4253   5.6603         922303497071         810425848886
RRR NA 1 NA 6.250  16.5010   1.5757        1306415916180        1069429548309
RRR NA 0 NA 6.350  37.0366   5.0410         922634884257         810686953716
RRR NA 1 NA 6.350  16.4776   1.5752        1306415957577        1069429618539
RRR NA 0 NA 6.451  37.0567   4.6370         922966217134         810948012096
RRR NA 1 NA 6.451  16.6595   1.5920        1306416001328        1069429710255
RRR NA 0 NA 6.552  36.9962   4.6307         923297855850         811209315060
RRR NA 1 NA 6.552  16.4144   1.5900        1306416044781        1069429775719
RRR NA 0 NA 6.653  37.6351   4.2612         923629482582         811470608854
RRR NA 1 NA 6.653  16.4085   1.5912        1306416088077        1069429837931
RRR NA 0 NA 6.754  38.2913   3.5925         923961298110         811732063121
RRR NA 1 NA 6.754  16.6521   1.5885        1306416233548        1069430060691
RRR NA 0 NA 6.854  37.9223   3.6649         924293099708         811993494526
RRR NA 1 NA 6.854  16.4321   1.5736        1306416276878        1069430139891
RRR NA 0 NA 6.955  37.9900   3.5995         924624363166         812254498924
RRR NA 1 NA 6.955  16.4616   1.6078        1306416319831        1069430221843
RRR NA 0 NA 7.056  38.4089   3.7076         924955597357         812515495202
RRR NA 1 NA 7.056  16.6892   1.5920        1306416363185        1069430287525
RRR NA 0 NA 7.157  38.0286   3.7110         925286957718         812776576971
RRR NA 1 NA 7.157  16.4647   1.5768        1306416407249        1069430345476
RRR NA 0 NA 7.257  37.6402   4.4635         925618512342         813037813690
RRR NA 1 NA 7.257  16.4789   1.5753        1306416451349        1069430407999
RRR NA 0 NA 7.358  36.7165   3.8781         925949788157         813298827662
RRR NA 1 NA 7.358  16.4722   1.5787        1306416506271        1069430489361
RRR NA 0 NA 7.459  37.0498   3.6425         926281380341         813560094106
RRR NA 1 NA 7.459  16.5806   1.5606        1306416548610        1069430575911
RRR NA 0 NA 7.560  36.6938   3.7195         926612613494         813821088043
RRR NA 1 NA 7.560  16.4603   1.5772        1306416592189        1069430642531
RRR NA 0 NA 7.660  36.7106   3.7530         926944379850         814082491706
RRR NA 1 NA 7.660  16.4441   1.5797        1306416634042        1069430729423
RRR NA 0 NA 7.761  36.8591   3.7122         927276351651         814344057205
RRR NA 1 NA 7.761  16.6002   1.5895        1306416675552        1069430819373
RRR NA 0 NA 7.862  36.5231   3.7953         927607704646         814605132098
RRR NA 1 NA 7.862  16.4299   1.5778        1306416716978        1069430909113
RRR NA 0 NA 7.963  36.3927   3.7372         927939669255         814866691840
RRR NA 1 NA 7.963  16.4383   1.5590        1306416758464        1069430999039
RRR NA 0 NA 8.064  36.6872   3.7024         928270605693         815127461239
RRR NA 1 NA 8.064  16.8744   1.5936        1306416907255        1069431199033
RRR NA 0 NA 8.164  36.6811   3.7282         928602593133         815389039012
RRR NA 1 NA 8.164  16.6616   1.5753        1306416951325        1069431261567
RRR NA 0 NA 8.265  36.3255   3.7292         928934309315         815650403069
RRR NA 1 NA 8.265  16.4055   1.5752        1306416994753        1069431324059
RRR NA 0 NA 8.366  36.2534   3.6941         929265822727         815911615355
RRR NA 1 NA 8.366  16.4433   1.5914        1306417036484        1069431410743
RRR NA 0 NA 8.467  36.6354   3.9611         929597340008         816172822654
RRR NA 1 NA 8.467  16.6122   1.5763        1306417079435        1069431475963
RRR NA 0 NA 8.568  36.2545   4.6756         929929006987         816434144618
RRR NA 1 NA 8.568  16.4406   1.5751        1306417121166        1069431562721
RRR NA 0 NA 8.669  36.3969   4.7194         930260616474         816695424589
RRR NA 1 NA 8.669  16.4115   1.6098        1306417164538        1069431631273
RRR NA 0 NA 8.769  36.1842   4.8138         930592558574         816956966627
RRR NA 1 NA 8.769  16.6083   1.5903        1306417208634        1069431692599
RRR NA 0 NA 8.870  36.6548   4.8200         930923872786         817218010353
RRR NA 1 NA 8.870  16.5048   1.5618        1306417253630        1069431755608
RRR NA 0 NA 8.971  36.1618   4.8107         931255876070         817479600659
RRR NA 1 NA 8.971  16.4329   1.5902        1306417295517        1069431842620
RRR NA 0 NA 9.072  36.2212   4.8160         931587246405         817740704084
RRR NA 1 NA 9.072  16.6778   1.5769        1306417338486        1069431907898
RRR NA 0 NA 9.173  36.6213   4.8646         931918662427         818001838776
RRR NA 1 NA 9.173  16.4586   1.5605        1306417381920        1069431970518
RRR NA 0 NA 9.273  36.2084   4.7637         932250502844         818263300697
RRR NA 1 NA 9.273  16.4003   1.5750        1306417425248        1069432032758
RRR NA 0 NA 9.374  36.1376   4.7621         932582354659         818524771613
RRR NA 1 NA 9.374  16.6253   1.5742        1306417468544        1069432094962
RRR NA 0 NA 9.475  36.5880   4.8666         932913869153         818785973791
RRR NA 1 NA 9.475  16.4244   1.5760        1306417510315        1069432181722
RRR NA 0 NA 9.576  36.1711   4.8113         933245633986         819047376187
RRR NA 1 NA 9.576  16.4669   1.5749        1306417551715        1069432271424
RRR NA 0 NA 9.677  36.1301   4.8089         933577592690         819308931307
RRR NA 1 NA 9.677  16.5543   1.5578        1306417593567        1069432362164
RRR NA 0 NA 9.778  36.5371   4.8584         933909581110         819570509879
RRR NA 1 NA 9.778  16.3986   1.5739        1306417634901        1069432452090
RRR NA 0 NA 9.879  36.1681   4.7614         934241660105         819832163788
RRR NA 1 NA 9.879  16.5524   1.6052        1306417682928        1069432536600
RRR NA 0 NA 9.980  36.5283   4.7707         934573424227         820093571419
RRR NA 1 NA 9.980  16.4124   1.5734        1306417724397        1069432629984
RRR NA 0 NA 10.080  36.3763   4.9105         934904750720         820354640379
RRR NA 1 NA 10.080  16.8170   1.5770        1306417880942        1069432872045
RRR NA 0 NA 10.181  36.2153   4.8382         935236336471         820615897952
RRR NA 1 NA 10.181  16.4711   1.6071        1306417924297        1069432941437
RRR NA 0 NA 10.282  36.1543   4.9220         935568216008         820877390707
RRR NA 1 NA 10.282  16.5718   1.5739        1306417972634        1069432999960
RRR NA 0 NA 10.383  36.5738   4.8619         935899702673         821138573952
RRR NA 1 NA 10.383  16.4551   1.5608        1306418016474        1069433061953
RRR NA 0 NA 10.483  36.2610   4.8718         936231023051         821399622853
RRR NA 1 NA 10.483  16.6646   1.5771        1306418058529        1069433149269
RRR NA 0 NA 10.584  36.1927   4.8112         936562638855         821660904933
RRR NA 1 NA 10.584  16.4286   1.5921        1306418100173        1069433239515
RRR NA 0 NA 10.685  36.2269   4.8590         936893978931         821921978129
RRR NA 1 NA 10.685  16.4336   1.5765        1306418141737        1069433329527
RRR NA 0 NA 10.786  36.6184   4.8721         937225343815         822183069388
RRR NA 1 NA 10.786  16.4222   1.5454        1306418183371        1069433419727
RRR NA 0 NA 10.886  36.2446   4.8112         937556675845         822444127658
RRR NA 1 NA 10.886  16.4850   1.5921        1306418227448        1069433481152
RRR NA 0 NA 10.987  36.2331   5.0157         937888230457         822705364420
RRR NA 1 NA 10.987  16.6351   1.5755        1306418271342        1069433543064
RRR NA 0 NA 11.088  36.1551   4.9756         938220140327         822966893004
RRR NA 1 NA 11.088  16.4914   1.5768        1306418313161        1069433629928
RRR NA 0 NA 11.189  36.5345   5.1371         938551972723         823228348926
RRR NA 1 NA 11.189  16.6093   1.5589        1306418358152        1069433699620
RRR NA 0 NA 11.290  36.1847   5.1365         938883992794         823489952031
RRR NA 1 NA 11.290  16.4368   1.5581        1306418401558        1069433761974
RRR NA 0 NA 11.391  36.1742   5.0301         939215477156         823751130439
RRR NA 1 NA 11.391  16.4157   1.5927        1306418443943        1069433849994
RRR NA 0 NA 11.491  36.7216   5.1361         939546499207         824011958343
RRR NA 1 NA 11.491  16.4628   1.6104        1306418486976        1069433915488
RRR NA 0 NA 11.592  36.1833   5.1047         939878117543         824273245316
RRR NA 1 NA 11.592  16.6252   1.5755        1306418530592        1069433978084
RRR NA 0 NA 11.693  36.2306   5.1724         940209466632         824534320112
RRR NA 1 NA 11.693  16.4884   1.5784        1306418683288        1069434184942
RRR NA 0 NA 11.793  36.2484   5.1675         940540765252         824795352302
RRR NA 1 NA 11.793  16.4846   1.5932        1306418725921        1069434272342
RRR NA 0 NA 11.894  36.5320   5.1707         940872675535         825056869309
RRR NA 1 NA 11.894  16.4366   1.6053        1306418767607        1069434362388
RRR NA 0 NA 11.995  36.2257   5.0960         941204164756         825318051017
RRR NA 1 NA 11.995  16.7460   1.5451        1306418812741        1069434424175
RRR NA 0 NA 12.096  36.3586   5.2645         941535413413         825579055315
RRR NA 1 NA 12.096  16.7578   1.5619        1306418934432        1069434600282
RRR NA 0 NA 12.197  36.2012   5.3424         941866830920         825840193432
RRR NA 1 NA 12.197  16.4776   1.5605        1306418982882        1069434668808
RRR NA 0 NA 12.297  36.6438   5.2363         942198077236         826101184096
RRR NA 1 NA 12.297  16.7037   1.5938        1306419030322        1069434737168
RRR NA 0 NA 12.398  36.2466   5.2187         942529422893         826362252534
RRR NA 1 NA 12.398  16.4506   1.5773        1306419077506        1069434805412
RRR NA 0 NA 12.499  36.2265   5.3145         942861042299         826623537018
RRR NA 1 NA 12.499  16.4393   1.5753        1306419124558        1069434873472
RRR NA 0 NA 12.599  36.3321   5.2903         943192453480         826884657850
RRR NA 1 NA 12.599  16.4601   1.5941        1306419172568        1069434937122
RRR NA 0 NA 12.700  36.5608   5.4526         943524172008         827146023764
RRR NA 1 NA 12.700  16.4820   1.5593        1306419220930        1069435005420
RRR NA 0 NA 12.801  36.2134   5.3336         943855948017         827407435003
RRR NA 1 NA 12.801  16.6394   1.5746        1306419265392        1069435074095
RRR NA 0 NA 12.902  36.1546   5.4151         944187777117         827668888003
RRR NA 1 NA 12.902  16.4602   1.5754        1306419308465        1069435163855
RRR NA 0 NA 13.003  36.5586   5.6935         944519710737         827930431305
RRR NA 1 NA 13.003  16.5974   1.5894        1306419351885        1069435257863
RRR NA 0 NA 13.104  36.2477   5.5194         944851221167         828191642526
RRR NA 1 NA 13.104  16.4634   1.5606        1306419395465        1069435352303
RRR NA 0 NA 13.205  36.1624   5.3166         945183162317         828453183784
RRR NA 1 NA 13.205  16.3961   1.5584        1306419443962        1069435424403
RRR NA 0 NA 13.305  36.5897   5.5815         945514848355         828714524291
RRR NA 1 NA 13.305  16.6385   1.5915        1306419486274        1069435515041
RRR NA 0 NA 13.406  36.1984   5.6283         945846785426         828976062401
RRR NA 1 NA 13.406  16.4760   1.5731        1306419530873        1069435596789
RRR NA 0 NA 13.507  36.2374   5.5040         946178620915         829237520398
RRR NA 1 NA 13.507  16.4369   1.5922        1306419579601        1069435668449
RRR NA 0 NA 13.608  36.6722   5.4649         946509734121         829498410644
RRR NA 1 NA 13.608  17.0348   1.5645        1306419676945        1069435850721
RRR NA 0 NA 13.709  36.2944   5.4937         946841453505         829759784857
RRR NA 1 NA 13.709  16.4516   1.5593        1306419721013        1069435917661
RRR NA 0 NA 13.810  36.2087   5.4307         947172993073         830021009809
RRR NA 1 NA 13.810  16.4516   1.5910        1306419764366        1069435980077
RRR NA 0 NA 13.910  36.6836   5.4488         947504583302         830282270982
RRR NA 1 NA 13.910  16.6065   1.5790        1306419806347        1069436066443
RRR NA 0 NA 14.011  36.2441   5.4168         947835989119         830543386695
RRR NA 1 NA 14.011  16.9646   1.5775        1306419945389        1069436287765
RRR NA 0 NA 14.112  36.2982   5.3299         948167456267         830804566386
RRR NA 1 NA 14.112  16.4247   1.5761        1306419989233        1069436348863
RRR NA 0 NA 14.213  36.2540   5.4447         948498676670         831065537724
RRR NA 1 NA 14.213  16.5386   1.5928        1306420033849        1069436406451
RRR NA 0 NA 14.313  36.2948   5.5001         948830498542         831326985150
RRR NA 1 NA 14.313  16.6142   1.5758        1306420076858        1069436493403
RRR NA 0 NA 14.414  36.5597   5.4979         949162235234         831588365362
RRR NA 1 NA 14.414  16.3933   1.5596        1306420118432        1069436583511
RRR NA 0 NA 14.515  36.1752   5.6342         949494214292         831849944453
RRR NA 1 NA 14.515  16.3829   1.5887        1306420159818        1069436673103
RRR NA 0 NA 14.616  36.2966   5.5642         949825664347         832111098840
RRR NA 1 NA 14.616  16.5815   1.6414        1306420203202        1069436755625
RRR NA 0 NA 14.717  36.7114   5.6997         950157425059         832372497915
RRR NA 1 NA 14.717  16.4393   1.5766        1306420247275        1069436817595
RRR NA 0 NA 14.818  36.1740   5.7174         950489318323         832634001571
RRR NA 1 NA 14.818  16.4618   1.5740        1306420290146        1069436903865
RRR NA 0 NA 14.918  36.2049   5.4138         950820928763         832895282273
RRR NA 1 NA 14.918  16.5916   1.5590        1306420333147        1069436969241
RRR NA 0 NA 15.019  36.6016   5.4377         951152790597         833156761056
RRR NA 1 NA 15.019  16.4624   1.5752        1306420377261        1069437027228
RRR NA 0 NA 15.120  36.2882   5.4316         951484020349         833417789127
RRR NA 1 NA 15.120  16.6299   1.5758        1306420421051        1069437089149
RRR NA 0 NA 15.221  36.2370   5.6808         951815552202         833679011937
RRR NA 1 NA 15.221  16.4382   1.5759        1306420463328        1069437176965
RRR NA 0 NA 15.322  36.6255   5.4810         952147356600         833940451111
RRR NA 1 NA 15.322  16.4588   1.5898        1306420504798        1069437266821
RRR NA 0 NA 15.423  36.1720   5.5559         952479218323         834201929776
RRR NA 1 NA 15.423  16.6082   1.6368        1306420547811        1069437332225
RRR NA 0 NA 15.524  36.6094   5.6152         952810997386         834463343382
RRR NA 1 NA 15.524  16.4316   1.5742        1306420591823        1069437390011
RRR NA 0 NA 15.624  36.2610   5.4082         953142356900         834724423368
RRR NA 1 NA 15.624  16.4841   1.5777        1306420635601        1069437452279
RRR NA 0 NA 15.725  36.2223   5.5491         953473967660         834985708517
RRR NA 1 NA 15.725  16.6079   1.6067        1306420681019        1069437516201
RRR NA 0 NA 15.826  36.1794   5.3443         953805746151         835247121652
RRR NA 1 NA 15.826  16.4306   1.5753        1306420725019        1069437579143
RRR NA 0 NA 15.927  36.6276   5.3347         954136989577         835508110051
RRR NA 1 NA 15.927  16.4572   1.5765        1306420769584        1069437637964
RRR NA 0 NA 16.027  36.3739   5.4913         954468185426         835769067593
RRR NA 1 NA 16.027  16.8640   1.5624        1306420915059        1069437860420
RRR NA 0 NA 16.128  36.3249   5.5944         954800100213         836030600052
RRR NA 1 NA 16.128  16.5421   1.5901        1306420956533        1069437950398
RRR NA 0 NA 16.229  36.2088   5.4934         955131945566         836292065802
RRR NA 1 NA 16.229  16.3664   1.5589        1306420999538        1069438016176
RRR NA 0 NA 16.330  36.6230   5.4404         955463528115         836553320610
RRR NA 1 NA 16.330  16.4373   1.5918        1306421043700        1069438078718
RRR NA 0 NA 16.431  36.3439   5.5157         955794888021         836814401092
RRR NA 1 NA 16.431  16.6402   1.5939        1306421086892        1069438140828
RRR NA 0 NA 16.531  36.1547   5.5013         956126734397         837075867757
RRR NA 1 NA 16.531  16.4256   1.5739        1306421128681        1069438227682
RRR NA 0 NA 16.632  36.6458   5.5496         956458123247         837336970695
RRR NA 1 NA 16.632  16.4209   1.5613        1306421173074        1069438294300
RRR NA 0 NA 16.733  36.2622   5.8796         956789718502         837598239482
RRR NA 1 NA 16.733  16.6410   1.5906        1306421310125        1069438492178
RRR NA 0 NA 16.834  36.2050   5.5054         957121413259         837859596721
RRR NA 1 NA 16.834  16.4393   1.5752        1306421351826        1069438578730
RRR NA 0 NA 16.935  36.2377   5.4671         957452880986         838120760891
RRR NA 1 NA 16.935  16.4197   1.5762        1306421395141        1069438644378
RRR NA 0 NA 17.035  36.6062   5.5342         957784451358         838382022040
RRR NA 1 NA 17.035  16.4703   1.5748        1306421436796        1069438731110
RRR NA 0 NA 17.136  36.1807   5.4229         958116670403         838643782349
RRR NA 1 NA 17.136  16.5933   1.5420        1306421480593        1069438792005
RRR NA 0 NA 17.237  36.5706   5.4945         958448346237         838905114522
RRR NA 1 NA 17.237  16.4547   1.5897        1306421524501        1069438854108
RRR NA 0 NA 17.338  36.2756   5.5470         958779604714         839166114721
RRR NA 1 NA 17.338  16.4567   1.5622        1306421567795        1069438916376
RRR NA 0 NA 17.439  36.1966   5.5021         959111511446         839427629215
RRR NA 1 NA 17.439  16.5765   1.5580        1306421609752        1069439003580
RRR NA 0 NA 17.539  36.3134   5.5677         959442781689         839688647013
RRR NA 1 NA 17.539  16.4264   1.5767        1306421653475        1069439069754
RRR NA 0 NA 17.640  36.3959   5.4920         959773866665         839949510733
RRR NA 1 NA 17.640  16.4590   1.5641        1306421705638        1069439151204
RRR NA 0 NA 17.741  36.2919   5.5912         960104806535         840210260542
RRR NA 1 NA 17.741  16.5015   1.5788        1306421759384        1069439253416
RRR NA 0 NA 17.841  36.5996   5.6008         960436483421         840471589998
RRR NA 1 NA 17.841  16.6421   1.5762        1306421800876        1069439343262
RRR NA 0 NA 17.942  36.2163   5.6873         960768181365         840732939592
RRR NA 1 NA 17.942  16.3892   1.5581        1306421844699        1069439404392
RRR NA 0 NA 18.043  36.2683   5.5983         961099905360         840994321718
RRR NA 1 NA 18.043  16.8619   1.5771        1306421992581        1069439603170
RRR NA 0 NA 18.144  36.6197   5.5923         961431316919         841255445781
RRR NA 1 NA 18.144  16.6849   1.5922        1306422041189        1069439666514
RRR NA 0 NA 18.245  36.2803   5.6714         961762962841         841516751006
RRR NA 1 NA 18.245  16.4712   1.5605        1306422084150        1069439757058
RRR NA 0 NA 18.345  36.2488   5.3555         962094338820         841777856615
RRR NA 1 NA 18.345  16.4054   1.5751        1306422134157        1069439825094
RRR NA 0 NA 18.446  36.2852   5.5083         962425770217         842038996237
RRR NA 1 NA 18.446  16.5294   1.5602        1306422181969        1069439893068
RRR NA 0 NA 18.547  36.6665   5.5969         962757171897         842300109005
RRR NA 1 NA 18.547  16.6360   1.5923        1306422224137        1069439983644
RRR NA 0 NA 18.648  36.4023   5.7475         963089194323         842561714330
RRR NA 1 NA 18.648  16.4679   1.5432        1306422272767        1069440055762
RRR NA 0 NA 18.749  36.2192   5.4862         963420830958         842823012852
RRR NA 1 NA 18.749  16.4133   1.5600        1306422315545        1069440146856
RRR NA 0 NA 18.849  36.6788   5.7091         963752184391         843084088049
RRR NA 1 NA 18.849  16.5933   1.5921        1306422364002        1069440218692
RRR NA 0 NA 18.950  36.2615   5.6725         964084033986         843345557250
RRR NA 1 NA 18.950  16.4310   1.5736        1306422406767        1069440309800
RRR NA 0 NA 19.051  36.2498   5.6978         964415218018         843606522261
RRR NA 1 NA 19.051  16.4953   1.5928        1306422465733        1069440404474
RRR NA 0 NA 19.152  36.2936   5.7686         964746706605         843867706997
RRR NA 1 NA 19.152  16.6506   1.5920        1306422513165        1069440473072
RRR NA 0 NA 19.252  36.6556   5.7603         965078101805         844128818151
RRR NA 1 NA 19.252  16.4554   1.5762        1306422557192        1069440542574
RRR NA 0 NA 19.353  36.2525   5.7508         965409951262         844390287204
RRR NA 1 NA 19.353  16.4467   1.5738        1306422604252        1069440627300
RRR NA 0 NA 19.454  36.2106   5.5259         965741482904         844651505843
RRR NA 1 NA 19.454  16.4239   1.5590        1306422653236        1069440701320
RRR NA 0 NA 19.555  36.6397   5.5753         966073009369         844912720379
RRR NA 1 NA 19.555  16.6159   1.5912        1306422701102        1069440769888
RRR NA 0 NA 19.656  36.2517   5.7334         966404887441         845174212059
RRR NA 1 NA 19.656  16.4444   1.5741        1306422743515        1069440860912
RRR NA 0 NA 19.757  36.1969   5.3951         966736557075         845435539373
RRR NA 1 NA 19.757  16.5696   1.5744        1306422791774        1069440932358
RRR NA 0 NA 19.857  36.6379   5.6297         967068184375         845696841416
RRR NA 1 NA 19.857  16.4518   1.5751        1306422834065        1069441022894
RRR NA 0 NA 19.958  36.2591   5.6044         967400084886         845958350678
RRR NA 1 NA 19.958  16.3890   1.6049        1306422877345        1069441116710
RRR NA 0 NA 20.059  36.3767   5.5689         967731168950         846219228593
RRR NA 1 NA 20.059  16.8949   1.5636        1306423130486        1069441486929
RRR NA 0 NA 20.160  36.2907   5.7475         968062389964         846480202971
RRR NA 1 NA 20.160  16.6696   1.5775        1306423175110        1069441544458
RRR NA 0 NA 20.260  36.6372   5.8300         968393884584         846741392589
RRR NA 1 NA 20.260  16.4934   1.5440        1306423217413        1069441630922
RRR NA 0 NA 20.361  36.2334   5.6155         968725566117         847002729250
RRR NA 1 NA 20.361  16.4073   1.5584        1306423261447        1069441692380
RRR NA 0 NA 20.462  36.2511   5.6106         969057191532         847264021967
RRR NA 1 NA 20.462  16.5082   1.5914        1306423303812        1069441778719
RRR NA 0 NA 20.563  36.2552   5.6758         969388699093         847525226683
RRR NA 1 NA 20.563  16.5760   1.5751        1306423342561        1069441859095
RRR NA 0 NA 20.664  36.6659   5.8810         969720403093         847786584065
RRR NA 1 NA 20.664  16.4424   1.5587        1306423384316        1069441953215
RRR NA 0 NA 20.764  36.2879   5.7376         970051927412         848047793326
RRR NA 1 NA 20.764  16.4191   1.6082        1306423425844        1069442043185
RRR NA 0 NA 20.865  36.2079   5.7035         970383835130         848309308188
RRR NA 1 NA 20.865  16.5761   1.5736        1306423469010        1069442109223
RRR NA 0 NA 20.966  36.6582   5.7562         970715041588         848570266978
RRR NA 1 NA 20.966  16.4537   1.5457        1306423513234        1069442171945
RRR NA 0 NA 21.067  36.2881   5.8691         971046686902         848831587178
RRR NA 1 NA 21.067  16.4758   1.5765        1306423555575        1069442259429
RRR NA 0 NA 21.168  36.3249   5.7807         971378190513         849092779927
RRR NA 1 NA 21.168  16.6200   1.5772        1306423599042        1069442327807
RRR NA 0 NA 21.268  36.3735   5.7500         971709572881         849353877975
RRR NA 1 NA 21.268  16.4546   1.5627        1306423642642        1069442393685
RRR NA 0 NA 21.369  36.6714   5.7013         972041003910         849615025264
RRR NA 1 NA 21.369  16.4498   1.5759        1306423690388        1069442461321
RRR NA 0 NA 21.470  36.2539   5.7762         972372749859         849876412788
RRR NA 1 NA 21.470  16.4375   1.5275        1306423734970        1069442523945
RRR NA 0 NA 21.571  36.4321   5.6629         972703807825         850137253692
RRR NA 1 NA 21.571  16.6388   1.5953        1306423777360        1069442612059
RRR NA 0 NA 21.671  36.2868   5.6981         973035244068         850398397132
RRR NA 1 NA 21.671  16.4151   1.5764        1306423820262        1069442677211
RRR NA 0 NA 21.772  36.6780   5.6925         973366419059         850659331786
RRR NA 1 NA 21.772  16.5024   1.5616        1306423955043        1069442866748
RRR NA 0 NA 21.873  36.2781   5.7821         973698027318         850920610884
RRR NA 1 NA 21.873  16.4437   1.5593        1306423996788        1069442953406
RRR NA 0 NA 21.974  36.2600   5.6745         974029728669         851181963165
RRR NA 1 NA 21.974  16.5596   1.6369        1306424040229        1069443019386
RRR NA 0 NA 22.074  36.4150   5.6363         974360934761         851442934169
RRR NA 1 NA 22.074  16.8657   1.5789        1306424178341        1069443214899
RRR NA 0 NA 22.175  36.6873   5.7673         974692404521         851704112743
RRR NA 1 NA 22.175  16.4550   1.5592        1306424223769        1069443277083
RRR NA 0 NA 22.276  36.4037   5.6950         975023466805         851964958871
RRR NA 1 NA 22.276  16.4782   1.5653        1306424277695        1069443362405
RRR NA 0 NA 22.377  36.2732   5.8302         975355414379         852226505627
RRR NA 1 NA 22.377  16.6070   1.5901        1306424319464        1069443449151
RRR NA 0 NA 22.477  36.2039   5.5692         975687140251         852487876909
RRR NA 1 NA 22.477  16.3846   1.5418        1306424363292        1069443510235
RRR NA 0 NA 22.578  36.7491   5.7359         976018832050         852749221765
RRR NA 1 NA 22.578  16.4376   1.5759        1306424407436        1069443572834
RRR NA 0 NA 22.679  36.2662   5.6876         976350641951         853010659631
RRR NA 1 NA 22.679  16.5958   1.5754        1306424450798        1069443635228
RRR NA 0 NA 22.780  36.2468   5.6624         976682545618         853272171413
RRR NA 1 NA 22.780  16.4033   1.6052        1306424494090        1069443697478
RRR NA 0 NA 22.881  36.6752   5.6776         977014034728         853533372798
RRR NA 1 NA 22.881  16.4362   1.5747        1306424546786        1069443780208
RRR NA 0 NA 22.982  36.2927   5.8326         977345697573         853794694819
RRR NA 1 NA 22.982  16.5967   1.5594        1306424590068        1069443842490
RRR NA 0 NA 23.082  36.2856   5.5134         977677558969         854056185242
RRR NA 1 NA 23.082  16.4807   1.5765        1306424632027        1069443929686
RRR NA 0 NA 23.183  36.6645   5.7041         978009054773         854317375548
RRR NA 1 NA 23.183  16.4056   1.6066        1306424675700        1069443995948
RRR NA 0 NA 23.284  36.2803   5.6811         978341134180         854579025804
RRR NA 1 NA 23.284  16.5886   1.5569        1306424718962        1069444058202
RRR NA 0 NA 23.385  36.2836   5.5684         978672480944         854840095514
RRR NA 1 NA 23.385  16.4546   1.5767        1306424760795        1069444145106
RRR NA 0 NA 23.486  36.6423   5.8015         979004368792         855101594828
RRR NA 1 NA 23.486  16.4097   1.5579        1306424802283        1069444234956
RRR NA 0 NA 23.587  36.2433   5.6249         979336348017         855363166444
RRR NA 1 NA 23.587  16.5466   1.5733        1306424852373        1069444339700
RRR NA 0 NA 23.687  36.2952   5.7799         979667926875         855624426114
RRR NA 1 NA 23.687  16.4127   1.5913        1306424892418        1069444430770
RRR NA 0 NA 23.788  36.6514   5.7810         979999605480         855885760572
RRR NA 1 NA 23.788  16.6149   1.6059        1306424934348        1069444521130
RRR NA 0 NA 23.889  36.2586   5.7097         980331217382         856147042359
RRR NA 1 NA 23.889  16.4466   1.5748        1306424978401        1069444587456
RRR NA 0 NA 23.990  36.2533   5.6587         980662946657         856408416794
RRR NA 1 NA 23.990  16.4354   1.5743        1306425019443        1069444672624
RRR NA 0 NA 24.091  36.7560   5.8793         980994635473         856669771222
RRR NA 1 NA 24.091  16.9247   1.6234        1306425170359        1069444879294
RRR NA 0 NA 24.192  36.3022   5.7742         981326427645         856931195156
RRR NA 1 NA 24.192  16.4413   1.5580        1306425219571        1069444943143
RRR NA 0 NA 24.292  36.2463   5.7452         981658192839         857192594338
RRR NA 1 NA 24.292  16.4779   1.5906        1306425262387        1069445033305
RRR NA 0 NA 24.393  36.6524   5.7566         981989852881         857453922215
RRR NA 1 NA 24.393  16.5678   1.5744        1306425311058        1069445105843
RRR NA 0 NA 24.494  36.3221   5.8245         982321727716         857715411230
RRR NA 1 NA 24.494  16.4393   1.5903        1306425358986        1069445169346
RRR NA 0 NA 24.595  36.2573   5.7544         982653401662         857976742029
RRR NA 1 NA 24.595  16.4732   1.5745        1306425406920        1069445237633
RRR NA 0 NA 24.696  36.7047   5.8036         982984879713         858237922379
RRR NA 1 NA 24.696  16.6343   1.5752        1306425455362        1069445301782
RRR NA 0 NA 24.796  36.4399   5.7383         983316252383         858499012140
RRR NA 1 NA 24.796  16.4893   1.5774        1306425503286        1069445369915
RRR NA 0 NA 24.897  36.4323   5.7375         983647978554         858760384068
RRR NA 1 NA 24.897  16.4462   1.5457        1306425551276        1069445433570
RRR NA 0 NA 24.998  36.4256   5.8260         983979483283         859021581595
RRR NA 1 NA 24.998  16.7015   1.5780        1306425596608        1069445510285
RRR NA 0 NA 25.099  36.8106   5.8604         984311039543         859282828036
RRR NA 1 NA 25.099  16.5173   1.5618        1306425637723        1069445606929
RRR NA 0 NA 25.200  36.3174   5.8045         984642655505         859544125043
RRR NA 1 NA 25.200  16.4672   1.5733        1306425686165        1069445678691
RRR NA 0 NA 25.301  36.2547   5.6467         984974719754         859805763362
RRR NA 1 NA 25.301  16.6126   1.5578        1306425728388        1069445769017
RRR NA 0 NA 25.402  36.6807   5.7594         985306446415         860067135568
RRR NA 1 NA 25.402  16.3806   1.5741        1306425777412        1069445835961
RRR NA 0 NA 25.502  36.3655   5.5902         985637901576         860328294014
RRR NA 1 NA 25.502  16.4704   1.5768        1306425821931        1069445911634
RRR NA 0 NA 25.603  36.3020   5.5416         985969845347         860589837301
RRR NA 1 NA 25.603  17.0013   1.5912        1306425921331        1069446074659
RRR NA 0 NA 25.704  36.7436   5.5361         986301147485         860850872016
RRR NA 1 NA 25.704  16.4887   1.5765        1306425963670        1069446158916
RRR NA 0 NA 25.805  36.2793   5.8075         986632908451         861112271318
RRR NA 1 NA 25.805  16.4426   1.5735        1306426006997        1069446221228
RRR NA 0 NA 25.906  36.2655   5.7598         986964837158         861373814799
RRR NA 1 NA 25.906  16.6081   1.5571        1306426059474        1069446331684
RRR NA 0 NA 26.006  36.7564   5.7768         987296164975         861634869799
RRR NA 1 NA 26.006  16.7574   1.5938        1306426101549        1069446422276
RRR NA 0 NA 26.107  36.5179   5.8457         987627431212         861895887552
RRR NA 1 NA 26.107  16.5824   1.5624        1306426261032        1069446638753
RRR NA 0 NA 26.208  36.2653   5.7398         987959159297         862157261076
RRR NA 1 NA 26.208  16.4465   1.5739        1306426303350        1069446725255
RRR NA 0 NA 26.309  36.6739   5.7327         988291129238         862418825053
RRR NA 1 NA 26.309  16.5650   1.5741        1306426344818        1069446815083
RRR NA 0 NA 26.410  36.3336   5.5680         988622620311         862680008307
RRR NA 1 NA 26.410  16.4104   1.5609        1306426387831        1069446880497
RRR NA 0 NA 26.510  36.3394   5.6928         988954013118         862941114079
RRR NA 1 NA 26.510  16.4250   1.6083        1306426429692        1069446967515
RRR NA 0 NA 26.611  36.3265   5.5890         989285492370         863202295533
RRR NA 1 NA 26.611  16.5786   1.5926        1306426476125        1069447035209
RRR NA 0 NA 26.712  36.7108   5.7675         989616971957         863463477905
RRR NA 1 NA 26.712  16.4884   1.5599        1306426613853        1069447268211
RRR NA 0 NA 26.813  36.3600   5.6510         989948222140         863724475664
RRR NA 1 NA 26.813  16.4307   1.5775        1306426656976        1069447350703
RRR NA 0 NA 26.913  36.2975   5.6513         990280006427         863985893303
RRR NA 1 NA 26.913  16.6220   1.5900        1306426699873        1069447415865
RRR NA 0 NA 27.014  36.3348   5.6614         990611317180         864246934777
RRR NA 1 NA 27.014  16.4797   1.5770        1306426741544        1069447502381
RRR NA 0 NA 27.115  36.7100   5.5021         990942808792         864508137728
RRR NA 1 NA 27.115  16.4180   1.5455        1306426784701        1069447568131
RRR NA 0 NA 27.216  36.2870   5.3699         991274680904         864769624689
RRR NA 1 NA 27.216  16.4371   1.5422        1306426826460        1069447654927
RRR NA 0 NA 27.317  36.3042   5.4532         991606356436         865030953538
RRR NA 1 NA 27.317  16.6090   1.5908        1306426869443        1069447720205
RRR NA 0 NA 27.417  36.7495   5.5457         991937728980         865292047829
RRR NA 1 NA 27.417  16.4665   1.5450        1306426915427        1069447801806
RRR NA 0 NA 27.518  36.3825   5.2475         992269033877         865553091799
RRR NA 1 NA 27.518  16.5056   1.5769        1306426986759        1069447863826
RRR NA 0 NA 27.619  36.5038   5.3522         992600306099         865814111587
RRR NA 1 NA 27.619  16.4952   1.5965        1306427032318        1069447923374
RRR NA 0 NA 27.720  36.2816   4.9611         992931902953         866075381701
RRR NA 1 NA 27.720  16.6608   1.5440        1306427075165        1069448009671
RRR NA 0 NA 27.820  36.6755   4.7935         993263746234         866336845828
RRR NA 1 NA 27.820  16.4043   1.5581        1306427118969        1069448070667
RRR NA 0 NA 27.921  36.3504   4.7320         993595348205         866598116903
RRR NA 1 NA 27.921  16.4955   1.5919        1306427162807        1069448132689
RRR NA 0 NA 28.022  36.5174   4.8158         993926745713         866859235860
RRR NA 1 NA 28.022  17.0539   1.5766        1306427301006        1069448328011
RRR NA 0 NA 28.123  36.5904   4.7686         994258036426         867120287013
RRR NA 1 NA 28.123  16.4681   1.6184        1306427346002        1069448386174
RRR NA 0 NA 28.224  36.7259   4.8654         994589775494         867381677102
RRR NA 1 NA 28.224  16.4599   1.5743        1306427388353        1069448472664
RRR NA 0 NA 28.324  36.3837   4.5185         994921374180         867642948528
RRR NA 1 NA 28.324  16.6240   1.5903        1306427431980        1069448538834
RRR NA 0 NA 28.425  36.4372   3.6587         995252972241         867904215796
RRR NA 1 NA 28.425  16.4482   1.5765        1306427474267        1069448625956
RRR NA 0 NA 28.526  36.9069   3.7627         995584601411         868165511263
RRR NA 1 NA 28.526  16.4005   1.5755        1306427518114        1069448686981
RRR NA 0 NA 28.627  36.9780   3.7608         995915450179         868426196426
RRR NA 1 NA 28.627  16.4969   1.5796        1306427572892        1069448772691
RRR NA 0 NA 28.727  36.7606   3.7512         996247366942         868687718465
RRR NA 1 NA 28.727  16.6022   1.5930        1306427617471        1069448831259
RRR NA 0 NA 28.828  36.7501   3.7553         996578808277         868948865985
RRR NA 1 NA 28.828  16.4513   1.5608        1306427661689        1069448893555
RRR NA 0 NA 28.929  37.0913   4.1907         996910285469         869210041949
RRR NA 1 NA 28.929  16.4406   1.5919        1306427702011        1069448955157
RRR NA 0 NA 29.030  36.6728   4.8107         997242036305         869471437333
RRR NA 1 NA 29.030  16.6869   1.5904        1306427745428        1069449026791
RRR NA 0 NA 29.131  36.7110   4.7675         997573635367         869732717361
RRR NA 1 NA 29.131  16.4465   1.5754        1306427787983        1069449116837
RRR NA 0 NA 29.231  37.1762   4.4235         997905279234         869994020615
RRR NA 1 NA 29.231  16.4136   1.5914        1306427831068        1069449182393
RRR NA 0 NA 29.332  36.9448   3.6897         998237250111         870255585376
RRR NA 1 NA 29.332  16.5800   1.5888        1306427872869        1069449269237
RRR NA 0 NA 29.433  36.9686   3.6230         998568759356         870516782603
RRR NA 1 NA 29.433  16.4229   1.5769        1306427917074        1069449335869
RRR NA 0 NA 29.534  36.9376   3.6912         998900607851         870778250942
RRR NA 1 NA 29.534  16.4232   1.5587        1306427959297        1069449423165
RRR NA 0 NA 29.635  37.3148   3.6903         999232696099         871039908129
RRR NA 1 NA 29.635  16.6102   1.5892        1306428000673        1069449512807
RRR NA 0 NA 29.736  36.9138   3.6553         999564503744         871301355359
RRR NA 1 NA 29.736  16.4303   1.5739        1306428042097        1069449602455
RRR NA 0 NA 29.837  37.3280   3.6910         999896384576         871562848703
RRR NA 1 NA 29.837  16.5974   1.6049        1306428084976        1069449667773
RRR NA 0 NA 29.937  37.0262   3.6596        1000227829679         871823996138
RRR NA 1 NA 29.937  16.4609   1.5765        1306428129808        1069449726374
RRR NA 0 NA 30.038  37.0214   3.6915        1000559633700         872085441313
RRR NA 1 NA 30.038  16.8447   1.5898        1306428289028        1069449930212
RRR NA 0 NA 30.139  36.9844   3.6585        1000891049093         872346568532
RRR NA 1 NA 30.139  16.6923   1.5763        1306428334580        1069449988680
RRR NA 0 NA 30.240  37.4316   3.7384        1001222124720         872607424169
RRR NA 1 NA 30.240  16.5038   1.5622        1306428387532        1069450072795
RRR NA 0 NA 30.340  36.9755   3.6190        1001553792870         872868750512
RRR NA 1 NA 30.340  16.4531   1.5751        1306428430590        1069450138443
RRR NA 0 NA 30.441  37.0347   3.6994        1001885011819         873129718930
RRR NA 1 NA 30.441  16.4692   1.5773        1306428474558        1069450201023
RRR NA 0 NA 30.542  37.0293   3.6942        1002216460924         873390880574
RRR NA 1 NA 30.542  16.4780   1.5914        1306428516451        1069450288071
RRR NA 0 NA 30.643  37.1196   3.6980        1002547781272         873651928565
RRR NA 1 NA 30.643  16.5898   1.5927        1306428560141        1069450354487
RRR NA 0 NA 30.743  38.4224   4.7128        1002879096037         873912973285
RRR NA 1 NA 30.743  16.4919   1.5778        1306428608369        1069450427053
RRR NA 0 NA 30.844  36.9119   4.2462        1003210656388         874174214535
RRR NA 1 NA 30.844  16.4551   1.5432        1306428651683        1069450489333
RRR NA 0 NA 30.945  36.7770   3.6807        1003542213381         874435450169
RRR NA 1 NA 30.945  16.4642   1.6069        1306428693520        1069450576221
RRR NA 0 NA 31.046  36.8512   3.7200        1003873468844         874696459115
RRR NA 1 NA 31.046  16.6144   1.5927        1306428736501        1069450641573
RRR NA 0 NA 31.146  37.1573   3.7522        1004205331698         874957938788
RRR NA 1 NA 31.146  16.4194   1.5758        1306428781235        1069450700122
RRR NA 0 NA 31.247  36.8229   3.7916        1004536772369         875219094913
RRR NA 1 NA 31.247  16.4606   1.5752        1306428829055        1069450769414
RRR NA 0 NA 31.348  36.7355   3.7518        1004868559811         875480515138
RRR NA 1 NA 31.348  16.6158   1.5761        1306428870904        1069450856422
RRR NA 0 NA 31.449  37.1745   3.7900        1005200323037         875741916263
RRR NA 1 NA 31.449  16.4585   1.5589        1306428912464        1069450946392
RRR NA 0 NA 31.550  36.8405   3.7931        1005531833572         876003114612
RRR NA 1 NA 31.550  16.4453   1.5757        1306428955621        1069451014284
RRR NA 0 NA 31.650  36.7395   3.7528        1005863606040         876264523065
RRR NA 1 NA 31.650  16.5976   1.5745        1306428997185        1069451104220
RRR NA 0 NA 31.751  36.8364   3.7562        1006194969112         876525609709
RRR NA 1 NA 31.751  16.4926   1.5613        1306429154307        1069451315824
RRR NA 0 NA 31.852  37.2136   3.7949        1006526361198         876786715390
RRR NA 1 NA 31.852  16.4651   1.5608        1306429199477        1069451374496
RRR NA 0 NA 31.953  36.8147   3.7533        1006858083689         877048084483
RRR NA 1 NA 31.953  16.4663   1.5905        1306429242376        1069451461483
RRR NA 0 NA 32.053  36.9618   3.7613        1007188953356         877308797993
RRR NA 1 NA 32.053  17.0213   1.5311        1306429363230        1069451670920
RRR NA 0 NA 32.154  36.8183   3.7567        1007520405800         877569951082
RRR NA 1 NA 32.154  16.4216   1.5766        1306429415870        1069451785026
RRR NA 0 NA 32.255  36.8488   3.7596        1007851674172         877830958983
RRR NA 1 NA 32.255  16.4097   1.5614        1306429459954        1069451847104
RRR NA 0 NA 32.356  37.1595   3.7915        1008183375300         878092308297
RRR NA 1 NA 32.356  16.4692   1.5909        1306429503063        1069451933640
RRR NA 0 NA 32.456  36.7938   3.7506        1008515163195         878353728776
RRR NA 1 NA 32.456  16.5490   1.5733        1306429546020        1069451998910
RRR NA 0 NA 32.557  36.7789   3.6820        1008846689033         878614939383
RRR NA 1 NA 32.557  16.4421   1.5762        1306429587813        1069452086140
RRR NA 0 NA 32.658  37.2684   3.7920        1009178218324         878876152423
RRR NA 1 NA 32.658  16.4113   1.6233        1306429631878        1069452147403
RRR NA 0 NA 32.759  36.8454   3.7471        1009510112212         879137668394
RRR NA 1 NA 32.759  16.6285   1.5888        1306429687231        1069452233470
RRR NA 0 NA 32.860  36.8198   3.7570        1009841583029         879398835574
RRR NA 1 NA 32.860  16.4745   1.5779        1306429731056        1069452296330
RRR NA 0 NA 32.960  37.1741   3.7909        1010173263213         879660171272
RRR NA 1 NA 32.960  16.4406   1.5902        1306429775224        1069452354406
RRR NA 0 NA 33.061  36.9874   3.6817        1010504549757         879921205039
RRR NA 1 NA 33.061  16.5291   1.5787        1306429817599        1069452441038
RRR NA 0 NA 33.162  36.7736   3.7548        1010836074408         880182418240
RRR NA 1 NA 33.162  16.5998   1.5613        1306429860742        1069452506610
RRR NA 0 NA 33.263  36.8263   3.6445        1011167525299         880443570352
RRR NA 1 NA 33.263  16.4491   1.5444        1306429904386        1069452569334
RRR NA 0 NA 33.364  37.1809   3.7901        1011499257529         880704947041
RRR NA 1 NA 33.364  16.3827   1.5901        1306429946147        1069452656038
RRR NA 0 NA 33.464  36.8530   3.7200        1011830587461         880966003289
RRR NA 1 NA 33.464  16.6370   1.5924        1306429989212        1069452721602
RRR NA 0 NA 33.565  36.7644   3.7158        1012162092199         881227210418
RRR NA 1 NA 33.565  16.4269   1.5605        1306430032962        1069452784318
RRR NA 0 NA 33.666  36.8510   3.7586        1012493431999         881488274461
RRR NA 1 NA 33.666  16.4631   1.5768        1306430081523        1069452877020
RRR NA 0 NA 33.767  37.1872   3.7547        1012824953396         881749484995
RRR NA 1 NA 33.767  16.4499   1.5759        1306430124666        1069452942738
RRR NA 0 NA 33.867  36.7641   3.7880        1013156917046         882011044071
RRR NA 1 NA 33.867  16.5757   1.5576        1306430166509        1069453029672
RRR NA 0 NA 33.968  36.7794   3.7537        1013488512511         882272312934
RRR NA 1 NA 33.968  16.4003   1.5750        1306430206525        1069453101491
RRR NA 0 NA 34.069  36.9945   3.7621        1013819430076         882533054736
RRR NA 1 NA 34.069  16.9640   1.5947        1306430349198        1069453299781
RRR NA 0 NA 34.170  37.1819   3.7892        1014151313436         882794550510
RRR NA 1 NA 34.170  16.6108   1.5906        1306430394686        1069453357821
RRR NA 0 NA 34.271  36.8130   3.7135        1014483083308         883055963463
RRR NA 1 NA 34.271  16.4607   1.5897        1306430439300        1069453420441
RRR NA 0 NA 34.371  36.7891   3.7524        1014814872401         883317386347
RRR NA 1 NA 34.371  16.4346   1.5756        1306430481134        1069453507373
RRR NA 0 NA 34.472  37.1595   3.7511        1015146688390         883578828990
RRR NA 1 NA 34.472  16.5558   1.5739        1306430524227        1069453572907
RRR NA 0 NA 34.573  36.9018   3.7174        1015478140862         883839985333
RRR NA 1 NA 34.573  16.4099   1.5631        1306430566934        1069453661593
RRR NA 0 NA 34.674  37.0828   3.7500        1015809626373         884101179499
RRR NA 1 NA 34.674  16.4302   1.5910        1306430607722        1069453733988
RRR NA 0 NA 34.775  37.1654   3.7893        1016141487444         884362657775
RRR NA 1 NA 34.775  16.6180   1.5753        1306430651101        1069453824060
RRR NA 0 NA 34.875  36.8815   3.7574        1016472876318         884623760825
RRR NA 1 NA 34.875  16.4136   1.5766        1306430694120        1069453906428
RRR NA 0 NA 34.976  36.7734   3.6445        1016804297616         884884888835
RRR NA 1 NA 34.976  16.4361   1.5604        1306430737151        1069453988702
RRR NA 0 NA 35.077  37.2630   3.7904        1017135603209         885145953073
RRR NA 1 NA 35.077  16.6927   1.5922        1306430780491        1069454054774
RRR NA 0 NA 35.178  36.8347   3.7583        1017466926315         885407004423
RRR NA 1 NA 35.178  16.4510   1.5774        1306430834057        1069454139230
RRR NA 0 NA 35.278  36.8161   3.7909        1017798649878         885668374263
RRR NA 1 NA 35.278  16.4285   1.5431        1306430876948        1069454226874
RRR NA 0 NA 35.379  36.7367   3.7523        1018130376859         885929746896
RRR NA 1 NA 35.379  16.4259   1.5905        1306430919895        1069454292552
RRR NA 0 NA 35.480  37.1448   3.7145        1018462213620         886191205876
RRR NA 1 NA 35.480  16.5871   1.5754        1306430962170        1069454379474
RRR NA 0 NA 35.581  36.7910   3.7124        1018794204184         886452786035
RRR NA 1 NA 35.581  16.3715   1.5893        1306431007941        1069454442045
RRR NA 0 NA 35.682  36.7355   3.7511        1019126026058         886714233378
RRR NA 1 NA 35.682  16.6434   1.6053        1306431051557        1069454503660
RRR NA 0 NA 35.783  37.1712   3.7895        1019457819678         886975662371
RRR NA 1 NA 35.783  16.4306   1.5737        1306431095853        1069454566956
RRR NA 0 NA 35.884  36.8091   3.7549        1019789443385         887236956319
RRR NA 1 NA 35.884  16.4385   1.5919        1306431139090        1069454629152
RRR NA 0 NA 35.985  37.1391   3.7489        1020121392775         887498504154
RRR NA 1 NA 35.985  16.6113   1.5883        1306431182346        1069454691366
RRR NA 0 NA 36.085  36.8952   3.7513        1020453023772         887759812914
RRR NA 1 NA 36.085  16.8433   1.5762        1306431338400        1069454902899
RRR NA 0 NA 36.186  36.7988   3.7561        1020784507421         888020993825
RRR NA 1 NA 36.186  16.4653   1.5768        1306431380963        1069454989928
RRR NA 0 NA 36.287  37.1967   3.9697        1021116106018         888282262250
RRR NA 1 NA 36.287  16.6014   1.6068        1306431424398        1069455055758
RRR NA 0 NA 36.388  38.5739   5.6756        1021447742342         888543560052
RRR NA 1 NA 36.388  16.4395   1.5758        1306431469198        1069455114343
RRR NA 0 NA 36.488  36.8175   3.8724        1021779305868         888804800185
RRR NA 1 NA 36.488  16.4785   1.5757        1306431513530        1069455176887
RRR NA 0 NA 36.589  36.7482   3.7523        1022110967155         889066134730
RRR NA 1 NA 36.589  16.4346   1.5745        1306431562004        1069455243644
RRR NA 0 NA 36.690  36.8385   3.7563        1022442399320         889327275093
RRR NA 1 NA 36.690  16.6718   1.5763        1306431705106        1069455483686
RRR NA 0 NA 36.791  37.1606   3.7890        1022774348081         889588822328
RRR NA 1 NA 36.791  16.4390   1.5897        1306431754836        1069455551522
RRR NA 0 NA 36.892  36.7139   3.7118        1023106204361         889850296749
RRR NA 1 NA 36.892  16.6236   1.5887        1306431802704        1069455619592
RRR NA 0 NA 36.993  37.1461   3.7879        1023438204321         890111884337
RRR NA 1 NA 36.993  16.4129   1.5733        1306431850092        1069455688286
RRR NA 0 NA 37.094  36.8341   3.7538        1023769826646         890373186340
RRR NA 1 NA 37.094  16.4820   1.5913        1306431897292        1069455756524
RRR NA 0 NA 37.194  36.7990   3.7550        1024101357400         890634404300
RRR NA 1 NA 37.194  16.6248   1.5765        1306431944630        1069455825144
RRR NA 0 NA 37.295  37.1112   3.7473        1024433418383         890896040002
RRR NA 1 NA 37.295  16.3979   1.5719        1306431992640        1069455889132
RRR NA 0 NA 37.396  36.8376   3.7533        1024765069986         891157362733
RRR NA 1 NA 37.396  16.4754   1.5918        1306432035973        1069455979008
RRR NA 0 NA 37.497  36.8496   3.7198        1025096366784         891418392557
RRR NA 1 NA 37.497  16.6442   1.5761        1306432080572        1069456064808
RRR NA 0 NA 37.598  36.9560   3.7541        1025427729633         891679482095
RRR NA 1 NA 37.598  16.6277   1.6090        1306432181944        1069456227269
RRR NA 0 NA 37.698  37.2278   3.7950        1025759198520         891940647601
RRR NA 1 NA 37.698  16.5174   1.5784        1306432225960        1069456289591
RRR NA 0 NA 37.799  36.8147   3.7519        1026091067338         892202131973
RRR NA 1 NA 37.799  16.5549   1.5741        1306432267779        1069456376441
RRR NA 0 NA 37.900  36.7749   3.7534        1026422736953         892463459255
RRR NA 1 NA 37.900  16.3815   1.5745        1306432310738        1069456441759
RRR NA 0 NA 38.001  37.1625   3.7885        1026754532776         892724886110
RRR NA 1 NA 38.001  16.5958   1.5744        1306432352210        1069456527819
RRR NA 0 NA 38.102  36.9311   3.7527        1027085982572         892986063763
RRR NA 1 NA 38.102  16.8081   1.5908        1306432483383        1069456755121
RRR NA 0 NA 38.203  36.7600   3.7511        1027417755197         893247472218
RRR NA 1 NA 38.203  16.4514   1.5754        1306432531855        1069456826971
RRR NA 0 NA 38.303  37.2517   3.7219        1027748958567         893508429323
RRR NA 1 NA 38.303  16.4532   1.5772        1306432579005        1069456895555
RRR NA 0 NA 38.404  36.8502   3.7572        1028080359884         893769542162
RRR NA 1 NA 38.404  16.4614   1.5924        1306432628137        1069456959971
RRR NA 0 NA 38.505  36.8733   3.7582        1028411728718         894030629070
RRR NA 1 NA 38.505  16.5135   1.5933        1306432670980        1069457050319
RRR NA 0 NA 38.606  36.7866   3.7508        1028743626013         894292135849
RRR NA 1 NA 38.606  16.5687   1.5580        1306432714315        1069457144223
RRR NA 0 NA 38.706  37.3880   3.7509        1029075420986         894553561944
RRR NA 1 NA 38.706  16.4189   1.5766        1306432759566        1069457231715
RRR NA 0 NA 38.807  36.8781   3.7199        1029406807049         894814662073
RRR NA 1 NA 38.807  16.6439   1.5765        1306432802841        1069457325491
RRR NA 0 NA 38.908  36.7894   3.7128        1029738639627         895076125744
RRR NA 1 NA 38.908  16.4258   1.5587        1306432846256        1069457419361
RRR NA 0 NA 39.009  36.8315   3.7568        1030069999108         895337206008
RRR NA 1 NA 39.009  16.5091   1.5608        1306433033784        1069457648236
RRR NA 0 NA 39.110  37.1954   3.7886        1030401802630         895598650722
RRR NA 1 NA 39.110  16.6685   1.5764        1306433079004        1069457706224
RRR NA 0 NA 39.210  36.8549   3.7576        1030733233730         895859786760
RRR NA 1 NA 39.210  16.4847   1.5767        1306433122754        1069457768430
RRR NA 0 NA 39.311  36.7716   3.7527        1031064911696         896121120675
RRR NA 1 NA 39.311  16.4297   1.5742        1306433166954        1069457831152
RRR NA 0 NA 39.412  37.1537   3.7904        1031396751671         896382582325
RRR NA 1 NA 39.412  16.6183   1.5903        1306433208745        1069457917960
RRR NA 0 NA 39.513  36.8336   3.7178        1031728327428         896643832517
RRR NA 1 NA 39.513  16.4384   1.5761        1306433251830        1069457983444
RRR NA 0 NA 39.614  36.7138   3.7493        1032060088151         896905243737
RRR NA 1 NA 39.614  16.4079   1.6205        1306433299741        1069458057194
RRR NA 0 NA 39.715  37.2102   3.7914        1032391749567         897166560674
RRR NA 1 NA 39.715  16.3900   1.5598        1306433343015        1069458151834
RRR NA 0 NA 39.815  36.8283   3.7173        1032723387480         897427863014
RRR NA 1 NA 39.815  16.5680   1.5752        1306433386230        1069458217426
RRR NA 0 NA 39.916  36.8017   3.7192        1033054633691         897688856942
RRR NA 1 NA 39.916  16.4512   1.5762        1306433429558        1069458279744
RRR NA 0 NA 40.017  36.8291   3.7549        1033386261910         897950153073
RRR NA 1 NA 40.017  16.8413   1.5934        1306433573587        1069458505841
RRR NA 0 NA 40.118  37.2197   3.7498        1033718087698         898211615282
RRR NA 1 NA 40.118  16.5466   1.5729        1306433617694        1069458566979
RRR NA 0 NA 40.219  36.8131   3.7912        1034049679712         898472881945
RRR NA 1 NA 40.219  16.4659   1.5752        1306433661498        1069458628843
RRR NA 0 NA 40.319  36.8011   3.7555        1034381167536         898734065643
RRR NA 1 NA 40.319  16.4530   1.5595        1306433704802        1069458691109
RRR NA 0 NA 40.420  36.8676   3.7570        1034712462198         898995102354
RRR NA 1 NA 40.420  16.6418   1.5780        1306433746583        1069458777945
RRR NA 0 NA 40.521  37.2599   3.7578        1035043792666         899256159467
RRR NA 1 NA 40.521  16.4634   1.5764        1306433788141        1069458867973
RRR NA 0 NA 40.621  36.8553   3.7559        1035375319865         899517371703
RRR NA 1 NA 40.621  16.4464   1.5759        1306433829817        1069458958255
RRR NA 0 NA 40.722  36.8137   3.7152        1035706900846         899778633148
RRR NA 1 NA 40.722  16.4411   1.5909        1306433873746        1069459019889
RRR NA 0 NA 40.823  37.1822   3.7513        1036038794318         900040136940
RRR NA 1 NA 40.823  16.6184   1.5913        1306433916772        1069459106480
RRR NA 0 NA 40.924  36.8559   3.7537        1036370379601         900301397809
RRR NA 1 NA 40.924  16.4479   1.5590        1306433956841        1069459177316
RRR NA 0 NA 41.025  36.8167   3.7574        1036701749610         900562489158
RRR NA 1 NA 41.025  16.5269   1.5765        1306434001506        1069459260078
RRR NA 0 NA 41.125  36.8462   3.7180        1037033112094         900823586575
RRR NA 1 NA 41.125  16.6226   1.5932        1306434050862        1069459331294
RRR NA 0 NA 41.226  37.2882   3.6400        1037364803942         901084935503
RRR NA 1 NA 41.226  16.4697   1.5786        1306434095205        1069459418499
RRR NA 0 NA 41.327  36.8526   3.7531        1037696503662         901346286590
RRR NA 1 NA 41.327  16.4430   1.5589        1306434136685        1069459508337
RRR NA 0 NA 41.428  36.8076   3.7565        1038027991404         901607466958
RRR NA 1 NA 41.428  16.5913   1.5756        1306434179640        1069459573593
RRR NA 0 NA 41.529  37.1914   3.7886        1038359854670         901868946960
RRR NA 1 NA 41.529  16.4311   1.5581        1306434221535        1069459660623
RRR NA 0 NA 41.630  36.8281   3.7157        1038691513008         902130265402
RRR NA 1 NA 41.630  16.4046   1.5588        1306434264458        1069459725863
RRR NA 0 NA 41.730  36.7927   3.7527        1039023217634         902391620416
RRR NA 1 NA 41.730  16.6648   1.5915        1306434397759        1069459951189
RRR NA 0 NA 41.831  37.2238   3.7938        1039354672238         902652775375
RRR NA 1 NA 41.831  16.4538   1.5761        1306434441598        1069460012178
RRR NA 0 NA 41.932  36.8417   3.7888        1039686412926         902914166671
RRR NA 1 NA 41.932  16.4623   1.5598        1306434485338        1069460073986
RRR NA 0 NA 42.033  36.9120   3.7187        1040017799699         903175267807
RRR NA 1 NA 42.033  16.8874   1.6083        1306434608928        1069460258443
RRR NA 0 NA 42.133  36.8435   3.7188        1040349195665         903436387930
RRR NA 1 NA 42.133  16.6317   1.5933        1306434653522        1069460315905
RRR NA 0 NA 42.234  37.2993   3.7576        1040680393031         903697340177
RRR NA 1 NA 42.234  16.4321   1.5769        1306434698343        1069460374040
RRR NA 0 NA 42.335  36.8323   3.7507        1041012253662         903958818042
RRR NA 1 NA 42.335  16.4545   1.5764        1306434742017        1069460439734
RRR NA 0 NA 42.436  36.8311   3.7526        1041344138983         904220315377
RRR NA 1 NA 42.436  16.5993   1.6061        1306434785608        1069460505252
RRR NA 0 NA 42.537  36.7938   3.7179        1041675604401         904481478146
RRR NA 1 NA 42.537  16.4468   1.5594        1306434827427        1069460589786
RRR NA 0 NA 42.637  37.3126   3.7562        1042007085663         904742654931
RRR NA 1 NA 42.637  16.4103   1.5773        1306434866461        1069460666866
RRR NA 0 NA 42.738  36.9343   3.7580        1042338323534         905003646129
RRR NA 1 NA 42.738  16.4620   1.5950        1306434907812        1069460760242
RRR NA 0 NA 42.839  36.8503   3.7527        1042669991999         905264972544
RRR NA 1 NA 42.839  16.6458   1.5902        1306434951051        1069460826138
RRR NA 0 NA 42.940  36.8365   3.7583        1043001333393         905526039496
RRR NA 1 NA 42.940  16.4666   1.5773        1306434992838        1069460912930
RRR NA 0 NA 43.040  37.2261   3.7892        1043333048863         905787414821
RRR NA 1 NA 43.040  16.4450   1.5583        1306435031811        1069460978848
RRR NA 0 NA 43.141  36.9716   3.7520        1043664838856         906048837060
RRR NA 1 NA 43.141  16.4392   1.5914        1306435076252        1069461044543
RRR NA 0 NA 43.242  36.8636   3.7596        1043995911751         906309694726
RRR NA 1 NA 43.242  16.6508   1.5966        1306435120546        1069461107109
RRR NA 0 NA 43.343  37.2179   3.7524        1044327832180         906571219678
RRR NA 1 NA 43.343  16.4477   1.5756        1306435164705        1069461165322
RRR NA 0 NA 43.444  36.8674   3.7516        1044659420815         906832490961
RRR NA 1 NA 43.444  16.4832   1.5750        1306435208439        1069461232305
RRR NA 0 NA 43.544  36.8526   3.7543        1044991085263         907093814387
RRR NA 1 NA 43.544  16.6279   1.5440        1306435252484        1069461297861
RRR NA 0 NA 43.645  36.8465   3.7163        1045322674784         907355078612
RRR NA 1 NA 43.645  16.4287   1.6061        1306435295774        1069461360117
RRR NA 0 NA 43.746  37.2402   3.7554        1045654302392         907616369264
RRR NA 1 NA 43.746  16.4476   1.5759        1306435339510        1069461422801
RRR NA 0 NA 43.847  36.8455   3.7523        1045986009426         907877726094
RRR NA 1 NA 43.847  16.6125   1.5589        1306435382858        1069461485227
RRR NA 0 NA 43.948  36.8475   3.7218        1046317208166         908138679065
RRR NA 1 NA 43.948  16.4513   1.5773        1306435426156        1069461547957
RRR NA 0 NA 44.048  36.9390   3.7553        1046648592032         908399793142
RRR NA 1 NA 44.048  16.8169   1.5759        1306435601275        1069461767411
RRR NA 0 NA 44.149  37.2149   3.7918        1046980200539         908661072374
RRR NA 1 NA 44.149  16.4639   1.5921        1306435646171        1069461829840
RRR NA 0 NA 44.250  36.8873   3.7530        1047311769767         908922329983
RRR NA 1 NA 44.250  16.6173   1.5757        1306435687951        1069461916650
RRR NA 0 NA 44.351  36.9071   3.7569        1047643242844         909183500226
RRR NA 1 NA 44.351  16.4269   1.5785        1306435731018        1069461982110
RRR NA 0 NA 44.452  37.1732   3.7136        1047975046589         909444933262
RRR NA 1 NA 44.452  16.4017   1.5744        1306435775748        1069462041138
RRR NA 0 NA 44.552  36.8843   3.7231        1048306142349         909705805219
RRR NA 1 NA 44.552  16.5515   1.5936        1306435821166        1069462103936
RRR NA 0 NA 44.653  36.8292   3.7529        1048637857245         909967168189
RRR NA 1 NA 44.653  16.6041   1.5748        1306435866140        1069462163408
RRR NA 0 NA 44.754  36.7614   3.7158        1048969544520         910228509524
RRR NA 1 NA 44.754  16.4638   1.5747        1306435910860        1069462225446
RRR NA 0 NA 44.855  37.1768   3.7546        1049301112347         910489756661
RRR NA 1 NA 44.855  16.4515   1.5906        1306435954132        1069462287678
RRR NA 0 NA 44.955  36.9070   3.7135        1049632904299         910751187998
RRR NA 1 NA 44.955  16.6263   1.5601        1306435996916        1069462376638
RRR NA 0 NA 45.056  37.0224   3.7600        1049963891366         911011986205
RRR NA 1 NA 45.056  16.4649   1.5791        1306436040070        1069462442340
RRR NA 0 NA 45.157  36.8671   3.7473        1050295606729         911273349685
RRR NA 1 NA 45.157  16.4453   1.5452        1306436082009        1069462529372
RRR NA 0 NA 45.258  37.9080   3.7321        1050627304477         911534699335
RRR NA 1 NA 45.258  16.5648   1.5902        1306436125124        1069462594974
RRR NA 0 NA 45.358  37.6114   3.6604        1050958682434         911795793286
RRR NA 1 NA 45.358  16.4691   1.5773        1306436175059        1069462699486
RRR NA 0 NA 45.459  37.5580   3.6564        1051290321505         912057096532
RRR NA 1 NA 45.459  16.4076   1.5596        1306436218598        1069462765400
RRR NA 0 NA 45.560  37.6118   3.6978        1051621683143         912318178143
RRR NA 1 NA 45.560  16.4655   1.5766        1306436272090        1069462849774
RRR NA 0 NA 45.661  37.9227   3.6942        1051953427014         912579563996
RRR NA 1 NA 45.661  16.6276   1.6055        1306436315588        1069462912198
RRR NA 0 NA 45.762  37.4970   3.6552        1052284877262         912840730448
RRR NA 1 NA 45.762  16.4023   1.5771        1306436355826        1069462980203
RRR NA 0 NA 45.862  37.4202   3.6927        1052616624688         913102119104
RRR NA 1 NA 45.862  16.4648   1.5897        1306436400732        1069463048175
RRR NA 0 NA 45.963  37.8918   3.6987        1052947935260         913363160517
RRR NA 1 NA 45.963  16.6613   1.5924        1306436444720        1069463109322
RRR NA 0 NA 46.064  37.7237   3.6994        1053279124459         913624118204
RRR NA 1 NA 46.064  16.9140   1.5475        1306436597255        1069463314470
RRR NA 0 NA 46.165  37.4699   3.6963        1053610588718         913885280200
RRR NA 1 NA 46.165  16.4887   1.5770        1306436639620        1069463400968
RRR NA 0 NA 46.265  37.3923   3.6912        1053942416937         914146732442
RRR NA 1 NA 46.265  16.4144   1.5736        1306436682657        1069463468114
RRR NA 0 NA 46.366  37.7979   3.7296        1054274264473         914408200047
RRR NA 1 NA 46.366  16.6015   1.5744        1306436722951        1069463558248
RRR NA 0 NA 46.467  37.3987   3.6172        1054605959845         914669555558
RRR NA 1 NA 46.467  16.4018   1.5737        1306436766406        1069463624636
RRR NA 0 NA 46.568  37.4359   3.6542        1054937850859         914931057360
RRR NA 1 NA 46.568  16.4427   1.5742        1306436810254        1069463687328
RRR NA 0 NA 46.669  37.8771   3.7363        1055269170458         915192105990
RRR NA 1 NA 46.669  16.6287   1.5604        1306436852788        1069463773986
RRR NA 0 NA 46.770  37.4483   3.7316        1055600666648         915453296627
RRR NA 1 NA 46.770  16.5446   1.5600        1306436990499        1069463969263
RRR NA 0 NA 46.870  37.3135   3.6638        1055932375149         915714654714
RRR NA 1 NA 46.870  16.4537   1.5754        1306437032314        1069464056101
RRR NA 0 NA 46.971  37.7297   3.6951        1056264351165         915976223489
RRR NA 1 NA 46.971  16.5711   1.5889        1306437073886        1069464146147
RRR NA 0 NA 47.072  37.4645   3.6674        1056595498442         916237147428
RRR NA 1 NA 47.072  16.4797   1.5781        1306437117317        1069464212041
RRR NA 0 NA 47.173  37.4376   3.7007        1056926975696         916498320036
RRR NA 1 NA 47.173  16.4730   1.5446        1306437160557        1069464274191
RRR NA 0 NA 47.273  37.5359   3.7048        1057258246743         916759341329
RRR NA 1 NA 47.273  16.4171   1.5913        1306437204003        1069464336891
RRR NA 0 NA 47.374  38.7814   5.8145        1057589671369         917020475698
RRR NA 1 NA 47.374  16.6262   1.5604        1306437245896        1069464423923
RRR NA 0 NA 47.475  39.1080   5.9281        1057921765699         917282137661
RRR NA 1 NA 47.475  16.4476   1.5580        1306437289946        1069464518979
RRR NA 0 NA 47.576  38.8633   5.8768        1058253211999         917543289069
RRR NA 1 NA 47.576  16.4883   1.5444        1306437335122        1069464584221
RRR NA 0 NA 47.677  38.7646   5.8154        1058584814559         917804563615
RRR NA 1 NA 47.677  16.6506   1.5897        1306437378804        1069464647037
RRR NA 0 NA 47.777  39.1924   5.9380        1058916221708         918065680900
RRR NA 1 NA 47.777  16.4340   1.5597        1306437423006        1069464705086
RRR NA 0 NA 47.878  38.7891   5.8726        1059247857417         918326981537
RRR NA 1 NA 47.878  16.4914   1.5585        1306437466818        1069464767084
RRR NA 0 NA 47.979  38.7565   5.8720        1059579561038         918588339760
RRR NA 1 NA 47.979  16.6456   1.5895        1306437509017        1069464854226
RRR NA 0 NA 48.080  38.8956   5.8760        1059910982409         918849487609
RRR NA 1 NA 48.080  16.8580   1.5916        1306437647134        1069465048920
RRR NA 0 NA 48.181  39.1685   5.8708        1060242844232         919110966029
RRR NA 1 NA 48.181  16.4729   1.5893        1306437694874        1069465116800
RRR NA 0 NA 48.282  38.7093   5.8694        1060574670150         919372416549
RRR NA 1 NA 48.282  16.6118   1.5573        1306437742138        1069465185210
RRR NA 0 NA 48.382  37.1431   4.2129        1060906378205         919633774216
RRR NA 1 NA 48.382  16.4687   1.5742        1306437789736        1069465253884
RRR NA 0 NA 48.483  36.5598   3.6983        1061237686738         919894813941
RRR NA 1 NA 48.483  16.4878   1.5606        1306437847614        1069465356049
RRR NA 0 NA 48.584  36.5141   3.7300        1061569366331         920156149231
RRR NA 1 NA 48.584  16.6524   1.5740        1306437894765        1069465427919
RRR NA 0 NA 48.685  36.7071   3.6949        1061901024716         920417464073
RRR NA 1 NA 48.685  16.4869   1.5764        1306437942845        1069465491683
RRR NA 0 NA 48.785  36.9249   3.7318        1062232504625         920678645703
RRR NA 1 NA 48.785  16.5002   1.5754        1306437990779        1069465559886
RRR NA 0 NA 48.886  36.5203   3.6941        1062564061660         920939884376
RRR NA 1 NA 48.886  16.6205   1.6067        1306438038023        1069465628276
RRR NA 0 NA 48.987  36.5656   3.6633        1062895195389         921200785773
RRR NA 1 NA 48.987  16.4745   1.5769        1306438085291        1069465696610
RRR NA 0 NA 49.088  36.5295   3.6949        1063226694578         921461990839
RRR NA 1 NA 49.088  16.5121   1.5751        1306438133221        1069465760074
RRR NA 0 NA 49.189  36.8577   3.6548        1063558455580         921723394181
RRR NA 1 NA 49.189  16.4828   1.5916        1306438181231        1069465828165
RRR NA 0 NA 49.289  36.5788   3.7359        1063889665511         921984355846
RRR NA 1 NA 49.289  16.6556   1.6081        1306438229039        1069465891541
RRR NA 0 NA 49.390  36.4464   3.6535        1064221686516         922245960385
RRR NA 1 NA 49.390  16.4540   1.5733        1306438277821        1069465960861
RRR NA 0 NA 49.491  36.7914   3.7154        1064553075701         922507066954
RRR NA 1 NA 49.491  16.4797   1.5773        1306438326125        1069466030009
RRR NA 0 NA 49.592  40.3354   7.1919        1064884738990         922768393291
RRR NA 1 NA 49.592  16.6972   1.6060        1306438426773        1069466185978
