R core socket temp time pkg_watts dram_watts actPERF measPERF
RRR NA 0 NA 0.001   0.0000   0.0000         827387118865         735419618183
RRR NA 1 NA 0.001   0.0000   0.0000        1306046348000        1069063836707
RRR NA 0 NA 0.102  37.1158   3.7511         827718788560         735680944840
RRR NA 1 NA 0.102  16.4590   1.5301        1306046389174        1069063929493
RRR NA 0 NA 0.202  38.1084   3.7947         828050175594         735942045409
RRR NA 1 NA 0.202  16.5840   1.5942        1306046430954        1069064019997
RRR NA 0 NA 0.303  37.6911   3.7166         828381759641         736203301609
RRR NA 1 NA 0.303  16.3909   1.5763        1306046473005        1069064111119
RRR NA 0 NA 0.404  37.5227   3.7507         828713763675         736464892459
RRR NA 1 NA 0.404  16.3789   1.5605        1306046514963        1069064201963
RRR NA 0 NA 0.505  37.9405   3.7886         829045447479         736726230907
RRR NA 1 NA 0.505  16.5970   1.5745        1306046558311        1069064267887
RRR NA 0 NA 0.606  37.6020   3.7534         829377104286         736987548223
RRR NA 1 NA 0.606  16.4608   1.5748        1306046599347        1069064336710
RRR NA 0 NA 0.707  37.5583   3.7115         829709165130         737249195862
RRR NA 1 NA 0.707  16.4383   1.5590        1306046644645        1069064402928
RRR NA 0 NA 0.807  37.6480   3.7962         830040436517         737510205692
RRR NA 1 NA 0.807  16.6408   1.5938        1306046687007        1069064490938
RRR NA 0 NA 0.908  38.0619   3.7204         830371720410         737771225375
RRR NA 1 NA 0.908  16.4403   1.5618        1306046739083        1069064592432
RRR NA 0 NA 1.009  37.6196   3.7521         830703412830         738032570613
RRR NA 1 NA 1.009  16.4294   1.5598        1306046783493        1069064654240
RRR NA 0 NA 1.109  37.6382   3.7568         831034843347         738293709722
RRR NA 1 NA 1.109  16.4644   1.5778        1306046826085        1069064741383
RRR NA 0 NA 1.210  37.6414   3.7924         831366465592         738554996093
RRR NA 1 NA 1.210  16.4287   1.5748        1306046870567        1069064803379
RRR NA 0 NA 1.311  38.0294   3.7509         831698324303         738816472527
RRR NA 1 NA 1.311  16.5760   1.5739        1306046913091        1069064890126
RRR NA 0 NA 1.412  37.6307   3.7303         832030274673         739078021255
RRR NA 1 NA 1.412  16.4281   1.5898        1306046956693        1069064956654
RRR NA 0 NA 1.513  38.2559   3.6612         832361992237         739339386405
RRR NA 1 NA 1.513  16.6173   1.5908        1306046999017        1069065044470
RRR NA 0 NA 1.614  37.9074   3.6182         832693555999         739600630265
RRR NA 1 NA 1.614  16.8305   1.5599        1306047193010        1069065297173
RRR NA 0 NA 1.714  38.5437   5.4923         833025313842         739862038819
RRR NA 1 NA 1.714  16.4637   1.5587        1306047241009        1069065368720
RRR NA 0 NA 1.815  37.5723   5.0083         833356883779         740123287674
RRR NA 1 NA 1.815  16.6256   1.5899        1306047289771        1069065437241
RRR NA 0 NA 1.916  37.3809   4.8056         833688166723         740384307616
RRR NA 1 NA 1.916  16.4594   1.5766        1306047337317        1069065505999
RRR NA 0 NA 2.017  38.8385   6.2495         834020077133         740645824817
RRR NA 1 NA 2.017  16.4516   1.5429        1306047383487        1069065601955
RRR NA 0 NA 2.118  38.5553   6.2483         834351729186         740907138266
RRR NA 1 NA 2.118  16.6066   1.5744        1306047430693        1069065674039
RRR NA 0 NA 2.219  38.5283   5.6265         834683680111         741168687285
RRR NA 1 NA 2.219  16.4360   1.5743        1306047478321        1069065742919
RRR NA 0 NA 2.319  37.4596   4.7976         835014886483         741429646268
RRR NA 1 NA 2.319  16.4646   1.5610        1306047524553        1069065839033
RRR NA 0 NA 2.420  37.8550   3.6650         835346857998         741691211492
RRR NA 1 NA 2.420  16.4223   1.5736        1306047570271        1069065938041
RRR NA 0 NA 2.521  37.6660   3.8529         835678598520         741952594527
RRR NA 1 NA 2.521  16.6141   1.5735        1306047612971        1069066034017
RRR NA 0 NA 2.622  36.5382   3.7546         836010082199         742213787827
RRR NA 1 NA 2.622  16.4335   1.5616        1306047662814        1069066127703
RRR NA 0 NA 2.723  36.4430   3.6786         836341742918         742475107720
RRR NA 1 NA 2.723  16.6401   1.5774        1306047711182        1069066201441
RRR NA 0 NA 2.823  36.8402   3.6814         836673104244         742736192390
RRR NA 1 NA 2.823  16.4182   1.5765        1306047758114        1069066297599
RRR NA 0 NA 2.924  36.4385   3.7552         837004647124         742997416602
RRR NA 1 NA 2.924  16.4291   1.5608        1306047814156        1069066381756
RRR NA 0 NA 3.025  36.4510   3.7514         837336484947         743258876531
RRR NA 1 NA 3.025  16.4361   1.5765        1306047862216        1069066450045
RRR NA 0 NA 3.126  36.4347   3.6791         837668083657         743520148018
RRR NA 1 NA 3.126  16.6224   1.5783        1306047909598        1069066527035
RRR NA 0 NA 3.227  36.7965   3.7556         837999661233         743781399763
RRR NA 1 NA 3.227  16.8130   1.5603        1306048008106        1069066720275
RRR NA 0 NA 3.327  36.4303   3.6778         838331392026         744042775213
RRR NA 1 NA 3.327  16.4416   1.5748        1306048180188        1069066942723
RRR NA 0 NA 3.428  36.4483   3.7563         838662948377         744304009955
RRR NA 1 NA 3.428  16.6045   1.5452        1306048222320        1069067030409
RRR NA 0 NA 3.529  36.6667   3.7526         838994613554         744565333687
RRR NA 1 NA 3.529  16.3946   1.5750        1306048265994        1069067096777
RRR NA 0 NA 3.630  36.5818   3.6485         839325475571         744826032594
RRR NA 1 NA 3.630  16.8123   1.5796        1306048457977        1069067340059
RRR NA 0 NA 3.730  36.4291   3.7502         839657502369         745087641571
RRR NA 1 NA 3.730  16.5735   1.6055        1306048501775        1069067409973
RRR NA 0 NA 3.831  36.5041   3.7561         839988877315         745348736960
RRR NA 1 NA 3.831  16.3755   1.5326        1306048544171        1069067497997
RRR NA 0 NA 3.932  36.8146   3.6804         840320402765         745609946955
RRR NA 1 NA 3.932  16.4398   1.5604        1306048588039        1069067564455
RRR NA 0 NA 4.033  36.4664   3.8296         840652053669         745871259833
RRR NA 1 NA 4.033  16.4325   1.5615        1306048630157        1069067651911
RRR NA 0 NA 4.134  36.4039   3.7502         840983997063         746132802766
RRR NA 1 NA 4.134  16.6393   1.5905        1306048767099        1069067856241
RRR NA 0 NA 4.234  36.4361   3.7569         841315287548         746393831425
RRR NA 1 NA 4.234  16.4030   1.5803        1306048811631        1069067914731
RRR NA 0 NA 4.335  36.7136   3.7544         841646811166         746655047860
RRR NA 1 NA 4.335  16.4610   1.5791        1306048854351        1069068002004
RRR NA 0 NA 4.436  36.3970   3.7565         841978198952         746916153186
RRR NA 1 NA 4.436  16.6128   1.5765        1306048896235        1069068092760
RRR NA 0 NA 4.537  36.2653   3.6723         842310335865         747177852590
RRR NA 1 NA 4.537  16.3618   1.5728        1306048940983        1069068189688
RRR NA 0 NA 4.638  36.7625   3.7912         842641900904         747439109454
RRR NA 1 NA 4.638  16.4271   1.5768        1306048984225        1069068255430
RRR NA 0 NA 4.739  36.5215   3.7506         842973749253         747700577574
RRR NA 1 NA 4.739  16.6067   1.5924        1306049029084        1069068314638
RRR NA 0 NA 4.839  36.3524   3.6813         843305203291         747961735372
RRR NA 1 NA 4.839  16.4628   1.5469        1306049073225        1069068393542
RRR NA 0 NA 4.940  36.7580   3.7158         843636835774         748223033381
RRR NA 1 NA 4.940  16.4365   1.5752        1306049116636        1069068459506
RRR NA 0 NA 5.041  36.4053   3.7535         843968632540         748484461049
RRR NA 1 NA 5.041  16.6228   1.5911        1306049160372        1069068522366
RRR NA 0 NA 5.142  36.5006   3.7570         844299912913         748745478003
RRR NA 1 NA 5.142  16.4565   1.5767        1306049204014        1069068585190
RRR NA 0 NA 5.242  36.5464   3.7322         844631394638         749006657613
RRR NA 1 NA 5.242  16.4382   1.5777        1306049246234        1069068672864
RRR NA 0 NA 5.343  37.1480   3.6985         844962675424         749267682231
RRR NA 1 NA 5.343  16.4171   1.5948        1306049288103        1069068763560
RRR NA 0 NA 5.444  36.6122   3.5771         845294807004         749529373463
RRR NA 1 NA 5.444  16.5850   1.5732        1306049333712        1069068824650
RRR NA 0 NA 5.545  36.7977   3.6976         845626143007         749790438121
RRR NA 1 NA 5.545  16.4660   1.5774        1306049376378        1069068911710
RRR NA 0 NA 5.646  36.9220   3.6196         845957753428         750051730746
RRR NA 1 NA 5.646  16.8209   1.5758        1306049588008        1069069198371
RRR NA 0 NA 5.747  37.3561   4.3271         846289734668         750313303539
RRR NA 1 NA 5.747  16.6082   1.5887        1306049631696        1069069264569
RRR NA 0 NA 5.847  36.6796   3.7158         846621376582         750574609148
RRR NA 1 NA 5.847  16.3965   1.5751        1306049673824        1069069352087
RRR NA 0 NA 5.948  36.7730   3.6849         846952441114         750835456521
RRR NA 1 NA 5.948  16.4525   1.5777        1306049717408        1069069418985
RRR NA 0 NA 6.049  37.0952   3.7961         847283743419         751096490851
RRR NA 1 NA 6.049  16.4809   1.6090        1306049760790        1069069507101
RRR NA 0 NA 6.149  36.8178   3.7562         847615283609         751357712478
RRR NA 1 NA 6.149  16.6145   1.5784        1306049804681        1069069573985
RRR NA 0 NA 6.250  36.8362   3.7599         847946460742         751618649082
RRR NA 1 NA 6.250  16.4215   1.5649        1306049849587        1069069632823
RRR NA 0 NA 6.351  36.6410   3.7545         848278174211         751880011082
RRR NA 1 NA 6.351  16.4534   1.5433        1306049892553        1069069720448
RRR NA 0 NA 6.452  36.8155   3.6841         848609335969         752140934604
RRR NA 1 NA 6.452  16.4633   1.6093        1306049936434        1069069787158
RRR NA 0 NA 6.552  37.1487   3.7126         848941197252         752402413032
RRR NA 1 NA 6.552  16.5911   1.5619        1306049978929        1069069875394
RRR NA 0 NA 6.653  36.7844   3.7874         849272980496         752663841878
RRR NA 1 NA 6.653  16.4078   1.5432        1306050021218        1069069966994
RRR NA 0 NA 6.754  36.6283   3.7526         849604764899         752925259585
RRR NA 1 NA 6.754  16.4254   1.6080        1306050064766        1069070033396
RRR NA 0 NA 6.855  37.1071   3.7946         849936255248         753186442657
RRR NA 1 NA 6.855  16.6086   1.5610        1306050106956        1069070120940
RRR NA 0 NA 6.956  36.6987   3.7124         850268170386         753447963400
RRR NA 1 NA 6.956  16.4116   1.5744        1306050150302        1069070186852
RRR NA 0 NA 7.057  36.6457   3.7550         850599633385         753709127950
RRR NA 1 NA 7.057  16.4494   1.5914        1306050194006        1069070249602
RRR NA 0 NA 7.157  37.0188   3.7917         850931376865         753970513565
RRR NA 1 NA 7.157  16.5954   1.5590        1306050236130        1069070337308
RRR NA 0 NA 7.258  36.6564   3.7135         851263177274         754231943851
RRR NA 1 NA 7.258  16.4367   1.5577        1306050279730        1069070403504
RRR NA 0 NA 7.359  37.2731   4.5672         851594526123         754493014789
RRR NA 1 NA 7.359  16.4090   1.5612        1306050323424        1069070466330
RRR NA 0 NA 7.460  37.0571   3.7138         851926410522         754754511453
RRR NA 1 NA 7.460  16.6093   1.5740        1306050365540        1069070553778
RRR NA 0 NA 7.561  36.7445   3.7194         852257823868         755015633072
RRR NA 1 NA 7.561  16.4083   1.5290        1306050408900        1069070619742
RRR NA 0 NA 7.661  36.8484   3.7144         852589692327         755277129109
RRR NA 1 NA 7.661  16.9030   1.5750        1306050599163        1069070887491
RRR NA 0 NA 7.762  36.6989   3.6415         852921257955         755538370838
RRR NA 1 NA 7.762  16.6421   1.5916        1306050640978        1069070978127
RRR NA 0 NA 7.863  36.7721   3.7988         853252416932         755799293841
RRR NA 1 NA 7.863  16.4216   1.5785        1306050684238        1069071043849
RRR NA 0 NA 7.964  37.0229   3.7203         853583644746         756060269290
RRR NA 1 NA 7.964  16.4528   1.5767        1306050726326        1069071131197
RRR NA 0 NA 8.064  36.6397   3.6792         853915344713         756321620560
RRR NA 1 NA 8.064  16.4291   1.5757        1306050768286        1069071222163
RRR NA 0 NA 8.165  36.5930   3.7193         854246691710         756582689851
RRR NA 1 NA 8.165  16.4021   1.5759        1306050811511        1069071304307
RRR NA 0 NA 8.266  36.6245   3.7912         854578338122         756843998918
RRR NA 1 NA 8.266  16.5910   1.5753        1306050911180        1069071472009
RRR NA 0 NA 8.367  37.0149   3.7504         854910294292         757105552028
RRR NA 1 NA 8.367  16.4182   1.5581        1306050952978        1069071562541
RRR NA 0 NA 8.468  36.6022   3.6800         855241823938         757366765362
RRR NA 1 NA 8.468  16.4660   1.5914        1306050998338        1069071626188
RRR NA 0 NA 8.568  37.0117   3.6783         855573476726         757628079504
RRR NA 1 NA 8.568  16.6486   1.5605        1306051043733        1069071704600
RRR NA 0 NA 8.669  36.7184   3.8263         855905403607         757889621564
RRR NA 1 NA 8.669  16.5079   1.5603        1306051087649        1069071795808
RRR NA 0 NA 8.770  36.5602   3.7527         856237017910         758150905353
RRR NA 1 NA 8.770  16.5983   1.6079        1306051129479        1069071886652
RRR NA 0 NA 8.871  36.6199   3.7569         856568483830         758412068592
RRR NA 1 NA 8.871  16.4615   1.5446        1306051173275        1069071953320
RRR NA 0 NA 8.972  36.9570   3.8262         856900425156         758673610234
RRR NA 1 NA 8.972  16.4183   1.5578        1306051215511        1069072040994
RRR NA 0 NA 9.072  36.6325   3.7556         857231896835         758934778416
RRR NA 1 NA 9.072  16.6549   1.5916        1306051258561        1069072106410
RRR NA 0 NA 9.173  36.9977   3.7871         857563823102         759196308000
RRR NA 1 NA 9.173  16.4662   1.5582        1306051389897        1069072293400
RRR NA 0 NA 9.274  36.6502   3.6824         857895252408         759457446829
RRR NA 1 NA 9.274  16.4779   1.5765        1306051434480        1069072373216
RRR NA 0 NA 9.375  36.5798   3.7528         858226986542         759718824942
RRR NA 1 NA 9.375  16.4147   1.5759        1306051477971        1069072439432
RRR NA 0 NA 9.476  37.0991   3.6383         858558463281         759980000662
RRR NA 1 NA 9.476  16.6202   1.5604        1306051520369        1069072527508
RRR NA 0 NA 9.576  37.4148   3.6981         858889679880         760240970737
RRR NA 1 NA 9.576  16.4497   1.5781        1306051563862        1069072587812
RRR NA 0 NA 9.677  37.6921   3.7308         859221385020         760502342107
RRR NA 1 NA 9.677  16.8176   1.5759        1306051738876        1069072838757
RRR NA 0 NA 9.778  37.1849   3.6553         859553217987         760763798159
RRR NA 1 NA 9.778  16.5481   1.5890        1306051782613        1069072933425
RRR NA 0 NA 9.879  37.4549   3.6902         859885126741         761025314212
RRR NA 1 NA 9.879  16.4049   1.5574        1306051826544        1069073028645
RRR NA 0 NA 9.980  37.1189   3.6968         860216830059         761286668068
RRR NA 1 NA 9.980  16.3963   1.5911        1306051873745        1069073127939
RRR NA 0 NA 10.081  37.1089   3.6587         860548690629         761548145722
RRR NA 1 NA 10.081  16.5496   1.5756        1306051917728        1069073215199
RRR NA 0 NA 10.182  38.5558   5.2775         860880467812         761809557725
RRR NA 1 NA 10.182  16.4220   1.5748        1306051966359        1069073287385
RRR NA 0 NA 10.282  38.6055   5.8708         861212106363         762070860692
RRR NA 1 NA 10.282  16.6344   1.5906        1306052010505        1069073371385
RRR NA 0 NA 10.383  38.4866   5.8805         861543357909         762331854989
RRR NA 1 NA 10.383  16.4537   1.5772        1306052054330        1069073466347
RRR NA 0 NA 10.484  36.8366   4.4481         861874949175         762593116910
RRR NA 1 NA 10.484  16.4071   1.5764        1306052103417        1069073538985
RRR NA 0 NA 10.585  36.6132   3.6961         862206476201         762854331951
RRR NA 1 NA 10.585  16.4679   1.5755        1306052286610        1069073791838
RRR NA 0 NA 10.685  36.2277   3.6890         862538371549         763115849071
RRR NA 1 NA 10.685  16.7013   1.5894        1306052333676        1069073854540
RRR NA 0 NA 10.786  36.1146   3.6912         862870177155         763377283597
RRR NA 1 NA 10.786  16.4167   1.5581        1306052378210        1069073918206
RRR NA 0 NA 10.887  38.9347   6.3044         863201773674         763638553449
RRR NA 1 NA 10.887  16.4622   1.5593        1306052420296        1069074005602
RRR NA 0 NA 10.988  38.6759   7.3473         863533118680         763899621222
RRR NA 1 NA 10.988  16.6677   1.5920        1306052462074        1069074096100
